          1        1.000 -16.050000000000   0.020000000000  -3.013212700000  -2.188312500000  -1.604729900000  -1.266812200000  -1.145444400000  -1.235319600000  -1.450617200000  -1.693876000000  -1.921969000000  -2.118519800000  -2.279255200000  -2.500121400000  -2.618974400000  -2.674363600000  -2.695475300000  -2.699691500000  -2.695944800000  -2.686046000000  -2.671247700000  -2.651959000000  -2.628581800000  -2.467054600000  -2.274110000000  -2.075461600000  -1.884551200000  -1.709531800000  -1.556911200000  -1.429139700000  -1.327013400000  -1.250799300000  -1.200687500000
          1        2.000 -13.650000000000   0.020000000000 -13.123640163291 -10.412936913703  -7.770196593646  -5.490041819833  -3.707110674745  -2.504118267244  -1.961216672825  -1.845258648019  -1.921674999960  -2.057465695964  -2.196801350121  -2.422687510019  -2.564551656420  -2.642054477593  -2.678640243529  -2.689911104370  -2.690341260292  -2.681985626365  -2.667739030558  -2.648701853465  -2.625224623676  -2.465477529312  -2.273824962341  -2.075846599588  -1.885115485945  -1.710145152811  -1.557584952837  -1.429829770580  -1.327705519873  -1.251492019515  -1.201380695536
          1        3.000 -10.300000000000   0.060000000000 -10.162159843198  -9.262922591136  -8.048840217846  -6.712006022848  -5.393567203782  -4.187198208749  -3.265011718455  -2.662598078998  -2.346463178151  -2.235102356325  -2.240542906718  -2.382006880208  -2.519293785330  -2.609451695125  -2.659077678047  -2.677567946138  -2.683256931966  -2.677388320232  -2.664176302283  -2.645542547992  -2.622347299235  -2.464142817812  -2.273578188528  -2.076166901449  -1.885649429013  -1.710758339738  -1.558257563994  -1.430519482145  -1.328397632917  -1.252184775829  -1.202073910250
          1        4.000  -6.000000000000   0.140000000000  -7.082882023764  -7.097005639846  -6.786667296966  -6.243045106703  -5.553088578202  -4.778372522419  -4.044838208336  -3.425336668586  -2.960153323901  -2.655220792461  -2.487983746720  -2.427694235267  -2.500989253224  -2.582289626482  -2.638491035646  -2.663020424744  -2.674314167775  -2.671693209748  -2.660103561707  -2.642266108442  -2.619623622726  -2.462959679077  -2.273351066334  -2.076441910482  -1.886160528346  -1.711370650926  -1.558929068553  -1.431208823803  -1.329089730907  -1.252877567222  -1.202767144954
          1        5.000  -0.950000000000   0.420000000000  -5.590874246463  -5.737440682891  -5.696032088075  -5.494384871491  -5.165674605895  -4.729857861078  -4.252110414310  -3.785152737164  -3.371267279461  -3.037954830285  -2.796015140307  -2.561861407136  -2.531425826006  -2.573695127855  -2.622403205471  -2.648636618838  -2.664144019103  -2.664923759257  -2.655416705097  -2.638764872623  -2.616906364611  -2.461868246775  -2.273132205819  -2.076685020933  -1.886654179679  -1.711981581114  -1.559599483932  -1.431897785664  -1.329781805729  -1.253570391865  -1.203460400326
          1        6.000   1.650000000000   0.490000000000  -4.673480787117  -4.889719328906  -4.961899758599  -4.911527797578  -4.759894836066  -4.515173650759  -4.212052216961  -3.884763940954  -3.564151335585  -3.275148260489  -3.034740880974  -2.723234940485  -2.603249258228  -2.590955981772  -2.617082598076  -2.638155021923  -2.654245101955  -2.657509657328  -2.650148533973  -2.634953659284  -2.614087534254  -2.460828185372  -2.272914656055  -2.076905423932  -1.887134278418  -1.712590771967  -1.560268815340  -1.432586358411  -1.330473849392  -1.254263247837  -1.204153676913
          1        7.000   6.550000000000   0.000000000000   5.225046085568  -0.393039847946  -2.690929472011  -3.718881636638  -4.116074919898  -4.175152303059  -4.053867219433  -3.853179972459  -3.623408239534  -3.394158938520  -3.184631616963  -2.864369820848  -2.691548122704  -2.629279920438  -2.624956120094  -2.634699404958  -2.646603799399  -2.650323865706  -2.644562232291  -2.630842053765  -2.611095737749  -2.459811427565  -2.272694181958  -2.077109415673  -1.887603668398  -1.713197976298  -1.560937062393  -1.433274534031  -1.331165854148  -1.254956133050  -1.204846975079
          1        8.000   5.850000000000   0.000000000000   5.848655419788   3.165664882491   0.649112573338  -1.128790661549  -2.250203059520  -2.986330967036  -3.358940786992  -3.490253806534  -3.472175006882  -3.372226457200  -3.237253945386  -2.964986583265  -2.775416040654  -2.678121709032  -2.643913235151  -2.639191061446  -2.642814841000  -2.644429898398  -2.639141894390  -2.626568608598  -2.607911999661  -2.458797741033  -2.272468126992  -2.077301167941  -1.888064354928  -1.713803007087  -1.561604210971  -1.433962301580  -1.331857812036  -1.255649045541  -1.205540295222
          1        9.000   2.000000000000   0.000000000000   2.000188853695   1.592230140947   0.706038001294  -0.347143290693  -1.293145331081  -2.071107146223  -2.602431444832  -2.931317519306  -3.102981766780  -3.160908890626  -3.143809404976  -2.996507672981  -2.836166733148  -2.726058801375  -2.669175051338  -2.650297570032  -2.643429773954  -2.640668786491  -2.634451600712  -2.622385321731  -2.604588218731  -2.457772093789  -2.272234807768  -2.077483560998  -1.888517861851  -1.714405747840  -1.562270251528  -1.434649653106  -1.332549715521  -1.256341983046  -1.206233637453
          1       10.000  -5.650000000000   0.200000000000  -0.997715163962  -0.267764906202  -0.140297730682  -0.554128088801  -1.099815157075  -1.666949989777  -2.141287792092  -2.499796500760  -2.745949592047  -2.894934118970  -2.966761061925  -2.954844291046  -2.858217778122  -2.761236423664  -2.694513618210  -2.665095164105  -2.647873172458  -2.639360932948  -2.630926615457  -2.618573345836  -2.601238783317  -2.456724296153  -2.271993212629  -2.077658577403  -1.888965373490  -1.715006157234  -1.562935188638  -1.435336586831  -1.333241558230  -1.257034942954  -1.206927001445
          1       11.000 -13.850000000000   0.200000000000  -4.232452592218  -2.677912754822  -1.769222124101  -1.392087672325  -1.382134181135  -1.623115726682  -1.947509306726  -2.248985164650  -2.492172269425  -2.669601399835  -2.785625880956  -2.870572481759  -2.842058839826  -2.775658322870  -2.713474243669  -2.679718634906  -2.654760458791  -2.640374241221  -2.628835631542  -2.615399802394  -2.598020526958  -2.455646884017  -2.271742153119  -2.077827215163  -1.889407508700  -1.715604101309  -1.563598968882  -1.436023079241  -1.333933330536  -1.257727923640  -1.207620387859
          1       12.000 -18.950000000000   0.210000000000  -5.334579374074  -4.141134568612  -3.248461017814  -2.621973785617  -2.222131914748  -2.050219038783  -2.080393443219  -2.212837354303  -2.374495183576  -2.524231946044  -2.643571099009  -2.777528653846  -2.802493244789  -2.770715945647  -2.722692033759  -2.690663316535  -2.662005019852  -2.642911548694  -2.628070137723  -2.612992977408  -2.595088838370  -2.454538054841  -2.271481032054  -2.077990364751  -1.889844960378  -1.716199586956  -1.564261594853  -1.436709128151  -1.334625026118  -1.258420922303  -1.208313796127
          1       13.000 -19.050000000000   0.230000000000  -6.593296361245  -5.429526230166  -4.457688361798  -3.681159140524  -3.085148410477  -2.671692025865  -2.461760377171  -2.399579116913  -2.426788567971  -2.495936790515  -2.574961179471  -2.701762324143  -2.755357638031  -2.752594214326  -2.722340265138  -2.696189177510  -2.667817069587  -2.645950520527  -2.628265636579  -2.611336118435  -2.592557038379  -2.453399917277  -2.271209212960  -2.078148484804  -1.890278164100  -1.716792595979  -1.564923050348  -1.437394724142  -1.335316637696  -1.259113936451  -1.209007225935
          1       14.000 -13.550000000000   0.290000000000  -6.611779884192  -5.863337863421  -5.113057709055  -4.417431001020  -3.805155445645  -3.295642910744  -2.940128477796  -2.723720347928  -2.616631660189  -2.584140968643  -2.594865618926  -2.663834449020  -2.715873850476  -2.729520322368  -2.715054203118  -2.696362262707  -2.671142557636  -2.648543451080  -2.628912104533  -2.610275407685  -2.590468771393  -2.452238314148  -2.270926167484  -2.078301824273  -1.890707440404  -1.717383120507  -1.565583319446  -1.438079857674  -1.336008158055  -1.259806963524  -1.209700676855
          1       15.000 -12.400000000000   0.330000000000  -6.122039049008  -5.662370581623  -5.169545643907  -4.668739215962  -4.181413023451  -3.723062118171  -3.346805084881  -3.063320582945  -2.869449475741  -2.751621305312  -2.691005183231  -2.672755282470  -2.695808509235  -2.709854466666  -2.704839686404  -2.692658643190  -2.671801730820  -2.650065263785  -2.629514260092  -2.609576867864  -2.588792241352  -2.451061695346  -2.270631510447  -2.078450489694  -1.891133024320  -1.717971159861  -1.566242386710  -1.438764519110  -1.336699580037  -1.260500000893  -1.210394148346
          1       16.000  -5.400000000000   0.400000000000  -5.358805044058  -5.228308331562  -4.976989003714  -4.657345230049  -4.305210488399  -3.939199174881  -3.605795099646  -3.323400407517  -3.100399732421  -2.936639779787  -2.825555509288  -2.722485806617  -2.700457425925  -2.700121763848  -2.695962413460  -2.687389937564  -2.670387699791  -2.650321711191  -2.629718743016  -2.608998165370  -2.587436759556  -2.449879622772  -2.270325041814  -2.078594492119  -1.891555086866  -1.718556718252  -1.566900237322  -1.439448698732  -1.337390896532  -1.261193045869  -1.211087639760
          1       17.000  -1.350000000000   0.670000000000  -4.629201081821  -4.647043882223  -4.570845495317  -4.421429580096  -4.218916228173  -3.973839756053  -3.720191436377  -3.480037134379  -3.268630774740  -3.094314075648  -2.959285405214  -2.795508796176  -2.727207921212  -2.703300525851  -2.691810136703  -2.683011356356  -2.668005528443  -2.649533258198  -2.629382529602  -2.608351185602  -2.586283308630  -2.448701250379  -2.270006778046  -2.078733780573  -1.891973750758  -1.719139803082  -1.567556857141  -1.440132386768  -1.338082100475  -1.261886095696  -1.211781150339
          1       18.000   1.700000000000   0.710000000000  -4.088025422871  -4.185765904720  -4.202927990859  -4.153312976574  -4.050863034828  -3.900949855079  -3.724742190185  -3.540494790211  -3.362982563406  -3.202902309561  -3.066707144364  -2.872900061510  -2.768091226078  -2.718453973219  -2.694052115154  -2.681437561716  -2.665910536843  -2.648217480956  -2.628577804484  -2.607541279191  -2.585218378809  -2.447534123638  -2.269676961877  -2.078868266560  -1.892389101979  -1.719720423694  -1.568212232741  -1.440815573409  -1.338773184840  -1.262579147560  -1.212474679225
          1       19.000   4.550000000000   0.000000000000   4.544866102554  -1.524248168825  -3.137825405929  -3.649656754189  -3.781246899508  -3.757997847825  -3.662227555707  -3.535329290547  -3.398006222468  -3.263162864567  -3.139254558683  -2.940883328422  -2.813804994287  -2.741917243564  -2.702489896095  -2.683597678966  -2.665139987344  -2.647004105915  -2.627539777276  -2.606577236726  -2.584161822598  -2.446383422348  -2.269336106193  -2.078997870729  -1.892801216442  -1.720298604182  -1.568866358541  -1.441498251766  -1.339464143386  -1.263272198606  -1.213168225362
          1       20.000   4.000000000000   0.000000000000   3.998877160396   1.767062538681  -0.260892418603  -1.499481304280  -2.375291650890  -2.943811701730  -3.225338440049  -3.324043096680  -3.315935701871  -3.252703200463  -3.166881893277  -2.991106459220  -2.856738378966  -2.769203486778  -2.715672909328  -2.689476057494  -2.666316610992  -2.646460392881  -2.626577720174  -2.605549940321  -2.583081345813  -2.445252271137  -2.268984766324  -2.079122450147  -1.893210109921  -1.720874339843  -1.569519214701  -1.442180408874  -1.340154968392  -1.263965245908  -1.213861787800
          1       21.000   1.350000000000   0.000000000000   1.305367508707   0.842559128418   0.055612598643  -0.791856020142  -1.562556190620  -2.197003956064  -2.630898991882  -2.900601685454  -3.044793295582  -3.099865718003  -3.096951940972  -3.002391549625  -2.887387587969  -2.795299109135  -2.731365686627  -2.698277843415  -2.669574770604  -2.646970149492  -2.625993565630  -2.604600557095  -2.581993534932  -2.444142026371  -2.268623659316  -2.079241874361  -1.893615787919  -1.721447630616  -1.570170784166  -1.442862032563  -1.340845652268  -1.264658286429  -1.214555365439
          1       22.000  -5.450000000000   0.170000000000  -1.358167716457  -0.751754280937  -0.629883864052  -0.910643087785  -1.354769124971  -1.835198444596  -2.239670078739  -2.545718494668  -2.757248592325  -2.888089488526  -2.955454266106  -2.961964755650  -2.893313356580  -2.813203004266  -2.746316797934  -2.708475746164  -2.674542306387  -2.648640648353  -2.625992308227  -2.603870631444  -2.580951169202  -2.443052619397  -2.268253772451  -2.079356141802  -1.894018313244  -1.722018529329  -1.570821079037  -1.443543122672  -1.341536190733  -1.265351317304  -1.215248956780
          1       23.000 -12.150000000000   0.200000000000  -4.228938508508  -2.944049540903  -2.171747779611  -1.807718429434  -1.730008384116  -1.866854642179  -2.103942611231  -2.344720074290  -2.548064142085  -2.701069106341  -2.804280505853  -2.887721146876  -2.872004426230  -2.816850022945  -2.756464777127  -2.717797063530  -2.680394222656  -2.651336911783  -2.626675162788  -2.603481538076  -2.580028547110  -2.441984835956  -2.267875759033  -2.079465043201  -1.894417600956  -1.722586983775  -1.571470056195  -1.444223655666  -1.342226573081  -1.266044335143  -1.215942560810
          1       24.000 -16.550000000000   0.200000000000  -6.519899752793  -5.221100346050  -4.080352202393  -3.236381212658  -2.671637475976  -2.371016700331  -2.304300262544  -2.365255922505  -2.476333457732  -2.592033569443  -2.689961137913  -2.807229691265  -2.833207656339  -2.806377055996  -2.759332532446  -2.723973380635  -2.685861929371  -2.654569750302  -2.627948919711  -2.603479255598  -2.579293894555  -2.440939340569  -2.267490608951  -2.079568591397  -1.894813679965  -1.723153032923  -1.572117722337  -1.444903628779  -1.342916794325  -1.266737336916  -1.216636175908
          1       25.000 -19.250000000000   0.240000000000  -7.075734672994  -5.950373696570  -4.997539676774  -4.207065191484  -3.565871320793  -3.076715956133  -2.776671245904  -2.629961704032  -2.589161394580  -2.608806501073  -2.654153354307  -2.747217862883  -2.790751699029  -2.786541265499  -2.755022083174  -2.725811560579  -2.689775487596  -2.657678926777  -2.629562347911  -2.603824941622  -2.578790648636  -2.439918139309  -2.267099197476  -2.079666756522  -1.895206532962  -1.723716683902  -1.572764068230  -1.445583032463  -1.343606847632  -1.267430319413  -1.217329800543
          1       26.000 -14.500000000000   0.290000000000  -7.151838081303  -6.372427117070  -5.598224741614  -4.878039035769  -4.235576199591  -3.683686335764  -3.273352046671  -2.995557410769  -2.828393483567  -2.743522378707  -2.712673851439  -2.730334676283  -2.759953126059  -2.764955700530  -2.745935756299  -2.723548497599  -2.691472508068  -2.660043916332  -2.631169922645  -2.604396040388  -2.578520530351  -2.438924266869  -2.266702402451  -2.079759532911  -1.895596138609  -1.724277942706  -1.573409085045  -1.446261857252  -1.344296726193  -1.268123279374  -1.218023433094
          1       27.000 -12.250000000000   0.360000000000  -6.524419667058  -6.084804113301  -5.595241131587  -5.085563876945  -4.579614183837  -4.092058637611  -3.677096673957  -3.348321245104  -3.106583901029  -2.942595947098  -2.840997117076  -2.762504904679  -2.752235236571  -2.749853665783  -2.736011376106  -2.718742291703  -2.691011910380  -2.661293179719  -2.632443772622  -2.605021612351  -2.578439544188  -2.437961320665  -2.266301116597  -2.079846939005  -1.895982472933  -1.724836814176  -1.574052764313  -1.446940093771  -1.344986423219  -1.268816213487  -1.218717071852
          1       28.000  -6.700000000000   0.470000000000  -5.796521489598  -5.632640681915  -5.365205447390  -5.033842814210  -4.667924894818  -4.282143001224  -3.921989148245  -3.606755079044  -3.346943135501  -3.145131805565  -2.997490703629  -2.833240742657  -2.770885732225  -2.747138758347  -2.729396054379  -2.713755608352  -2.689151320644  -2.661425210609  -2.633180068452  -2.605535645109  -2.578469238221  -2.437032715992  -2.265896259836  -2.079929016965  -1.896365510534  -1.725393302018  -1.574695097874  -1.447617732741  -1.345675931946  -1.269509118391  -1.219410715028
          1       29.000  -1.050000000000   0.810000000000  -5.090952794986  -5.082384848988  -4.979426708558  -4.804249866910  -4.576696275923  -4.306034480129  -4.026070572676  -3.757749315030  -3.516153622472  -3.310359239184  -3.143892323289  -2.922724058855  -2.811170763582  -2.758679787006  -2.729093430431  -2.710964906807  -2.687090055077  -2.660805780271  -2.633363844493  -2.605829147844  -2.578519784884  -2.436140904012  -2.265488784056  -2.080005832216  -1.896745225621  -1.725947408847  -1.575336077837  -1.448294764980  -1.346365245630  -1.270201990676  -1.220104360747
          1       30.000   2.100000000000   0.000000000000   2.095810133777  -2.540396469847  -3.905948444355  -4.297068647452  -4.328982330594  -4.206778467312  -4.020289835760  -3.814035535367  -3.610442965070  -3.422758391243  -3.258703639441  -3.012042433167  -2.863775166047  -2.782396774848  -2.736185804069  -2.712036718225  -2.686077470517  -2.660043826689  -2.633171227714  -2.605883837305  -2.578517348762  -2.435286721298  -2.265079667216  -2.080077485656  -1.897121601352  -1.726499142206  -1.575975699961  -1.448971182968  -1.347054358073  -1.270894826982  -1.220798007058
          1       31.000   4.850000000000   0.000000000000   4.848031847700   1.659308037623  -0.695382792166  -1.980767796502  -2.842133942667  -3.362409692555  -3.585918170378  -3.625524049947  -3.561843009679  -3.449237798051  -3.321696651440  -3.086433633351  -2.918837687143  -2.813895296781  -2.749955225452  -2.717605516669  -2.687071805882  -2.659804325168  -2.632909471027  -2.605774175746  -2.578425457148  -2.434469536292  -2.264669883403  -2.080144074483  -1.897494605452  -1.727048496807  -1.576613953390  -1.449646976205  -1.347743262090  -1.271587623722  -1.221491651935
          1       32.000   4.600000000000   0.000000000000   4.599005252855   2.655127655358   0.794831892649  -0.689163865883  -1.685647385062  -2.425092192585  -2.890894861019  -3.156226976758  -3.277979036166  -3.302906980093  -3.268283553478  -3.117411079921  -2.963254940399  -2.847063714823  -2.768262193478  -2.727264312494  -2.690538048482  -2.660636829134  -2.632932025151  -2.605646415932  -2.578255665091  -2.433687363455  -2.264260392092  -2.080205718643  -1.897864207432  -1.727595466526  -1.577250827360  -1.450322134204  -1.348431950452  -1.272280377230  -1.222185293251
          1       33.000   0.750000000000   0.000000000000   0.810308313127   0.826603164284   0.373476907687  -0.329694353194  -1.115402726321  -1.814524624122  -2.334195308747  -2.696540600933  -2.928997900855  -3.059757169626  -3.115348946878  -3.084146613178  -2.979493315078  -2.872526051461  -2.787189802134  -2.739474549158  -2.696329088408  -2.662836729201  -2.633542006435  -2.605676962202  -2.578064546773  -2.432937404633  -2.263852096735  -2.080262583224  -1.898230396426  -1.728140056405  -1.577886318124  -1.450996649747  -1.349120417030  -1.272973084008  -1.222878928824
          1       34.000  -6.650000000000   0.170000000000  -1.857374454898  -1.058362204987  -0.636122739788  -0.705553498605  -1.076731955169  -1.559047779853  -2.001502414343  -2.359821242913  -2.628067858623  -2.813566166880  -2.929017682477  -3.003158102416  -2.962469084126  -2.882271647856  -2.801719008128  -2.751571445735  -2.703581304202  -2.666332795141  -2.634900040092  -2.606018143058  -2.577934699867  -2.432216732874  -2.263445775560  -2.080314913479  -1.898593214008  -1.728682304872  -1.578520442036  -1.451670525206  -1.349808659133  -1.273665741321  -1.223572556564
          1       35.000 -14.050000000000   0.180000000000  -4.859498196840  -3.343576573456  -2.369929961308  -1.837779899783  -1.633521000543  -1.703571031482  -1.931359422126  -2.192174757487  -2.428540059631  -2.618765845795  -2.758294694716  -2.901142981890  -2.918972778910  -2.873695827373  -2.807788100334  -2.760515325904  -2.710859419006  -2.670698536839  -2.637008826461  -2.606779264969  -2.577960807443  -2.431524903393  -2.263042247446  -2.080362745324  -1.898952532537  -1.729222130099  -1.579153145430  -1.452343730030  -1.350496662396  -1.274358343739  -1.224266173834
          1       36.000 -17.000000000000   0.220000000000  -5.846009885398  -4.800708444720  -3.903408896060  -3.175928312894  -2.632131216682  -2.304280767048  -2.209397923823  -2.261875405743  -2.382211350192  -2.517620790894  -2.639596076754  -2.803965046088  -2.862613206914  -2.850757029646  -2.804542766627  -2.764345657335  -2.716590172670  -2.675137165811  -2.639606877076  -2.607947058921  -2.578210897579  -2.430861612437  -2.262642135669  -2.080406357654  -1.899308401117  -1.729759569652  -1.579784444729  -1.453016266639  -1.351184424064  -1.275050888380  -1.224959778361
