   1.0000000000000000     
  -17.000000000000000     
  -16.999938614316136     
  -16.999877228637363     
  -16.999815842968783     
  -16.999754457315490     
  -16.999693071682579     
  -16.999662378875673     
  -16.999631686075777     
  -16.999600993283526     
  -16.999570300499556     
  -16.999539607724504     
  -16.999508914959005     
  -16.999478222203692     
  -11.884020808186369     
  -6.7862562544764629     
  -6.5767860493459471     
  -6.3687092672106838     
  -6.1654032615357224     
  -5.9669745301321546     
  -5.7735232834672043     
  -5.5851431854611366     
  -5.4019210833881761     
  -5.2239367269167980     
  -5.0512624766985521     
  -4.8839630033490389     
  -4.7220949781609116     
  -4.5657067574453354     
  -4.4148380630106940     
  -4.2695196619479763     
  -4.1297730495905345     
  -3.9956101402378259     
  -3.8670329709606457     
  -3.7440334245175855     
  -3.6265929780832336     
  -3.5146824850873015     
  -3.4016311155200571     
  -3.2956750176334779     
  -3.1972998471333969     
  -3.1064472982168061     
  -3.0230263379745672     
  -2.9469124877797022     
  -2.8779477121677162     
  -2.8159409794483925     
  -2.7606695289403023     
  -2.7118808447085141     
  -2.6692952979450575     
  -2.6326093832223192     
  -2.6014994414483130     
  -2.5756257376778517     
  -2.5546367472410800     
  -2.5381734999125167     
  -2.5258738386731601     
  -2.5173764654426520     
  -2.5123246685766505     
  -2.5103696531527397     
  -2.5111734223726194     
  -2.5144111844455721     
  -2.5197732823417867     
  -2.5269666627347833     
  -2.5357159148358219     
  -2.5457639197164661     
  -2.5568721565385650     
  -2.5688207144998119     
  -2.5814080589833468     
  -2.5944505980913539     
  -2.6077820920966386     
  -2.6765041209710732     
  -2.7358762633448896     
  -2.7800890381887093     
  -2.8078149689328225     
  -2.8203111443226705     
  -2.8201189993432640     
  -2.8102256039559332     
  -2.7935583835870439     
  -2.7727130605396404     
  -2.7626159091492317     
  -2.7412278808145154     
  -2.7196828115431808     
  -2.6987544422022181     
  -2.6788296708977661     
  -2.6600259939207094     
  -2.6422909460531301     
  -2.6254784379295191     
  -2.6094024161551879     
  -2.5938712714994243     
  -2.5787076196581467     
  -2.5061003434906923     
  -2.4302286947322322     
  -2.3488239864276181     
  -2.2622460388075121     
  -2.1721204656239612     
  -2.0804459634150456     
  -1.9890998442343089     
  -1.8996608157951891     
  -1.7302946209790202     
  -1.5804143331313347     
  -1.4536881266362724     
  -1.3518719375838633     
  -1.2757433714779962     
  -1.2256533676703663     
