          1        1.000 -17.050000000000   0.020000000000  -1.985247100000  -1.471566800000  -1.179673100000  -1.077474000000  -1.110179800000  -1.250555400000  -1.434603200000  -1.612976900000  -1.766419300000  -1.889740600000  -1.984155700000  -2.101867400000  -2.159697800000  -2.188492800000  -2.205391400000  -2.214226200000  -2.221650800000  -2.225295000000  -2.224828500000  -2.220264200000  -2.211939600000  -2.128057500000  -2.008017500000  -1.874157200000  -1.739857300000  -1.613105500000  -1.499528200000  -1.401319400000  -1.319642500000  -1.255372400000  -1.209185100000
          1        2.000 -14.750000000000   0.020000000000 -14.154133278338 -11.112510246528  -8.189763009752  -5.696028995477  -3.763873451087  -2.466538606863  -1.873547037908  -1.720323787633  -1.753354241016  -1.838664251458  -1.925742091087  -2.058115779612  -2.135064725306  -2.176776447384  -2.199864818525  -2.210533504580  -2.218534126176  -2.222197147624  -2.221764381239  -2.217301774795  -2.208801574028  -2.126257490517  -2.007331658389  -1.874135434206  -1.740124935070  -1.613463884386  -1.499943460471  -1.401763400178  -1.320107095126  -1.255852332655  -1.209670981631
          1        3.000 -12.000000000000   0.070000000000 -11.765683160329 -10.430492005895  -8.866980325727  -7.252161167725  -5.711599323124  -4.324485433637  -3.265065603228  -2.561567967556  -2.173292905572  -2.008867013284  -1.970530745820  -2.035614052355  -2.112098781879  -2.162635363877  -2.192399031859  -2.205866454570  -2.215226680484  -2.219273712043  -2.218941843817  -2.214515806309  -2.206140525620  -2.124735916977  -2.006747930018  -1.874113379635  -1.740379098096  -1.613821166244  -1.500357974271  -1.402207188298  -1.320571563679  -1.256332036185  -1.210156571568
          1        4.000  -7.900000000000   0.160000000000  -8.285057796216  -8.148690627153  -7.665001467139  -6.932845264638  -6.050357468790  -5.086684749419  -4.186364805931  -3.426773836112  -2.849602326401  -2.459546923228  -2.229783668130  -2.089069856166  -2.107806950610  -2.150620430226  -2.183648357633  -2.199821455901  -2.211160169684  -2.216063239652  -2.216051885485  -2.211798946854  -2.203679171503  -2.123392522401  -2.006226828541  -1.874088440371  -1.740622322595  -1.614177067005  -1.500771741622  -1.402650752572  -1.321035900608  -1.256811511553  -1.210641873003
          1        5.000  -2.500000000000   0.580000000000  -6.668511501906  -6.692284021843  -6.515038085517  -6.168454432116  -5.688914585827  -5.097634629422  -4.472492577167  -3.870324784232  -3.336935398473  -2.902582997806  -2.579443731043  -2.238260189748  -2.147786006471  -2.152622162420  -2.177582209525  -2.193738165966  -2.206497269933  -2.212470075923  -2.213028172616  -2.209111473759  -2.201320899593  -2.122161513842  -2.005743213187  -1.874059462109  -1.740856549222  -1.614531380554  -1.501184756219  -1.403094081599  -1.321500100843  -1.257290759622  -1.211126889009
          1        6.000   0.300000000000   0.950000000000  -5.773611998032  -5.825989944571  -5.753310251538  -5.567039122618  -5.282126384000  -4.902094799357  -4.469186719939  -4.019179876446  -3.585232519048  -3.194801135166  -2.867098636362  -2.427421756996  -2.232769200939  -2.178607780928  -2.180217804210  -2.190578885293  -2.202183156053  -2.208683037890  -2.209854579373  -2.206397336650  -2.199003255367  -2.120999476428  -2.005281090033  -1.874026033534  -1.741083257520  -1.614883955617  -1.501597007220  -1.403537164204  -1.321964159307  -1.257769781161  -1.211611622546
          1        7.000   5.600000000000   0.000000000000   3.775817322511  -2.422493453777  -4.359209358789  -4.855017643195  -4.856366401137  -4.657077617685  -4.364803575614  -4.031375276432  -3.688138865246  -3.358641995199  -3.060925107043  -2.601975390225  -2.340305916386  -2.227381827737  -2.195347333347  -2.193567078093  -2.199851037642  -2.205300978016  -2.206677592702  -2.203650955776  -2.196684343684  -2.119877416742  -2.004830252592  -1.873988130174  -1.741303610831  -1.615234695763  -1.502008486292  -1.403979991221  -1.322428071983  -1.258248578423  -1.212096078404
          1        8.000   5.000000000000   0.000000000000   4.998586395437   2.211812036257  -0.289743155497  -1.799605275124  -2.837167662846  -3.467492895346  -3.721709190693  -3.730781519947  -3.595573895472  -3.388857100289  -3.159669889605  -2.737993966341  -2.447905989172  -2.290099609074  -2.222627496830  -2.204507212496  -2.201191747968  -2.203245244252  -2.203861612465  -2.200966390499  -2.194354473824  -2.118776376266  -2.004384316927  -1.873945781624  -1.741518379626  -1.615583495218  -1.502419166516  -1.404422547948  -1.322891831682  -1.258727148813  -1.212580255400
          1        9.000   0.850000000000   0.000000000000   0.850332987780   0.665296313261   0.004045115896  -0.898707121376  -1.749852503984  -2.444665586697  -2.897526908286  -3.144161487475  -3.229882397160  -3.201170689344  -3.100364142927  -2.805406565400  -2.535899654843  -2.355409580633  -2.258174302205  -2.222868168941  -2.207087087969  -2.203381651991  -2.201905208097  -2.198547510912  -2.192055546051  -2.117683196027  -2.003939068603  -1.873899155065  -1.741728254521  -1.615930311070  -1.502829036290  -1.404864825196  -1.323355434336  -1.259205494404  -1.213064158118
          1       10.000  -7.300000000000   0.410000000000  -0.540812808479  -0.298109553837  -0.510983500269  -0.964795554101  -1.481927908109  -1.991148392539  -2.398493862374  -2.686989198519  -2.861372451031  -2.937796706236  -2.937772037478  -2.791169662779  -2.584963206611  -2.410591604763  -2.296100118619  -2.246294845632  -2.217350271732  -2.206180517709  -2.201256554826  -2.196650269857  -2.189883200967  -2.116589915160  -2.003491896980  -1.873848435971  -1.741933781880  -1.616275133755  -1.503238089999  -1.405306816247  -1.323818877219  -1.259683618786  -1.213547792903
          1       11.000 -15.200000000000   0.420000000000  -1.811896096175  -1.359580640156  -1.222333248260  -1.316446535484  -1.546809575771  -1.857227094947  -2.160682210800  -2.412374537727  -2.596115929664  -2.710757906277  -2.763394286485  -2.726140671429  -2.592269395186  -2.445538967964  -2.329505406786  -2.271121265939  -2.230909358042  -2.211700183478  -2.202254137359  -2.195550796302  -2.187985462807  -2.115492681792  -2.003040980593  -1.873793608113  -1.742135212739  -1.616617878975  -1.503646285925  -1.405748501630  -1.324282150514  -1.260161515870  -1.214031154436
          1       12.000 -20.050000000000   0.430000000000  -3.281661951264  -2.600823151052  -2.169698625144  -1.949219122680  -1.888044888011  -1.962185084222  -2.115990646897  -2.285692851581  -2.435276982565  -2.547959241650  -2.618834381238  -2.645938838730  -2.571870434579  -2.459748878903  -2.353845372735  -2.293442035569  -2.245756258914  -2.219300428458  -2.204887538791  -2.195411307021  -2.186515078991  -2.114392009213  -2.002585227743  -1.873734798398  -1.742332889500  -1.616958558801  -1.504053618111  -1.406189874420  -1.324745251396  -1.260639189072  -1.214514248877
          1       13.000 -20.050000000000   0.450000000000  -4.329664096895  -3.610881916248  -3.054078878084  -2.653322978354  -2.388208418637  -2.255773890605  -2.243714260107  -2.299019556856  -2.379842034270  -2.458686841329  -2.520250144933  -2.571673319065  -2.538321964665  -2.458242175395  -2.368224089942  -2.310865702208  -2.259931847596  -2.228001641253  -2.208868409457  -2.196261120035  -2.185598768693  -2.113292577404  -2.002123942554  -1.873672044447  -1.742527023627  -1.617297163221  -1.504460069101  -1.406630923537  -1.325208174710  -1.261116638522  -1.214997078403
          1       14.000 -14.650000000000   0.530000000000  -4.589127408948  -4.092341212816  -3.617895754001  -3.204320329008  -2.866553657765  -2.618075274056  -2.479236782170  -2.423798762556  -2.421454458343  -2.445524375419  -2.476343535423  -2.516742986073  -2.503294390135  -2.447538548333  -2.374209375850  -2.322736733811  -2.272059841210  -2.236781069669  -2.213710831727  -2.197983467853  -2.185302345040  -2.112202808763  -2.001656768008  -1.873605359261  -1.742717774824  -1.617633687093  -1.504865621873  -1.407071637894  -1.325670915284  -1.261593864267  -1.215479645085
          1       15.000 -14.100000000000   0.580000000000  -4.568509309447  -4.178528467073  -3.809325530066  -3.470307809966  -3.167032914988  -2.907002477467  -2.717745609483  -2.594600188736  -2.525287541478  -2.493871966504  -2.484708014884  -2.488674479045  -2.475512540254  -2.433845502868  -2.374507744877  -2.329684946550  -2.281526084536  -2.244840412049  -2.218882758941  -2.200357925670  -2.185616394171  -2.111133910893  -2.001183658503  -1.873534738037  -1.742905263419  -1.617968128720  -1.505270259926  -1.407512006409  -1.326133467923  -1.262070866268  -1.215961950884
          1       16.000  -7.300000000000   0.660000000000  -4.348193848472  -4.130459669292  -3.873744351512  -3.606712412757  -3.346478982054  -3.102813606949  -2.903503081051  -2.751620669268  -2.643858679682  -2.572680735671  -2.528566369618  -2.487330337593  -2.460129794852  -2.422225361604  -2.372108353459  -2.333082301754  -2.288382118398  -2.251723139918  -2.223932936439  -2.203124418357  -2.186464224773  -2.110098489988  -2.000704880922  -1.873460165577  -1.743089579713  -1.618300488786  -1.505673967323  -1.407952018019  -1.326595827415  -1.262547644401  -1.216443997660
          1       17.000  -2.950000000000   1.010000000000  -3.957201886952  -3.874728895093  -3.742301545305  -3.577622417178  -3.395038900216  -3.202502799246  -3.025062448352  -2.872874916438  -2.750213225618  -2.656549975823  -2.588072040286  -2.506033837204  -2.458066865282  -2.415864905728  -2.369651636043  -2.334570718965  -2.293145677199  -2.257314142024  -2.228561531209  -2.206041479554  -2.187725418645  -2.109109011302  -2.000221020605  -1.873381624036  -1.743270791062  -1.618630769565  -1.506076728716  -1.408391661694  -1.327057988526  -1.263024198464  -1.216925787167
          1       18.000   0.400000000000   1.290000000000  -3.660961800120  -3.639035510427  -3.574879430092  -3.478678750883  -3.359335395470  -3.220238916885  -3.078829342314  -2.945541970632  -2.827352874460  -2.727758904902  -2.647242107221  -2.536026007448  -2.467067869950  -2.415854786735  -2.368969769668  -2.335656976352  -2.296569416880  -2.261769063025  -2.232637663846  -2.208925265130  -2.189264654037  -2.108176424980  -1.999732975832  -1.873299100842  -1.743448947276  -1.618958974324  -1.506478529346  -1.408830926446  -1.327519945998  -1.263500528172  -1.217407321058
          1       19.000   3.600000000000   0.000000000000   3.593749623396  -2.148756462653  -3.116284164278  -3.283650547480  -3.267845520531  -3.188721735649  -3.085749197284  -2.977357849477  -2.873034673780  -2.778221915171  -2.695680952144  -2.568943785485  -2.483224654333  -2.421588891365  -2.370929936846  -2.337436172164  -2.299422407095  -2.265409318789  -2.236178928518  -2.211667310275  -2.190957104331  -2.107308908311  -1.999241938996  -1.873212612797  -1.743624097072  -1.619285115373  -1.506879359090  -1.409269802993  -1.327981695435  -1.263976634082  -1.217888601919
          1       20.000   3.200000000000   0.000000000000   3.198986923667   1.207253452878  -0.490838871781  -1.501859701288  -2.201398420603  -2.631411397779  -2.822376645746  -2.872343395823  -2.848065150926  -2.790855755256  -2.723825016711  -2.598192735771  -2.502398071208  -2.431483435408  -2.375587399750  -2.340507790598  -2.302328846578  -2.268602415928  -2.239298138667  -2.214229441141  -2.192707089841  -2.106512389279  -1.998749316910  -1.873122158059  -1.743796249612  -1.619609184958  -1.507279198783  -1.409708278263  -1.328443230353  -1.264452514470  -1.218369629750
          1       21.000   0.150000000000   0.000000000000   0.186296726379   0.148844828853  -0.250091569123  -0.908655907946  -1.523830815665  -2.029878211009  -2.367500621793  -2.568362542916  -2.668039845274  -2.699198487114  -2.688434145458  -2.608464380777  -2.518669435049  -2.443135504362  -2.382335216807  -2.344987824385  -2.305693748773  -2.271686057813  -2.242159391985  -2.216630696282  -2.194453470603  -2.105789631912  -1.998256723262  -1.873027781320  -1.743965421276  -1.619931185332  -1.507678034366  -1.410146341045  -1.328904545209  -1.264928168610  -1.218850405684
          1       22.000  -7.100000000000   0.350000000000  -1.049119308214  -0.762802866997  -0.774588972157  -1.017546499807  -1.366422719161  -1.743688306179  -2.060519787922  -2.296629369414  -2.455337664332  -2.549080278825  -2.593042835873  -2.584238970825  -2.522175954290  -2.452208304867  -2.389694470324  -2.350465157500  -2.309645412628  -2.274896489287  -2.244925954187  -2.218925290314  -2.196170627738  -2.105139908177  -1.997765837817  -1.872929612783  -1.744131664749  -1.620251147627  -1.508075866725  -1.410583986280  -1.329365637668  -1.265403598892  -1.219330934270
          1       23.000 -13.550000000000   0.390000000000  -2.408654871407  -1.840389639597  -1.550654325616  -1.476502185643  -1.547049756281  -1.724081517041  -1.937270027698  -2.134492990478  -2.293597930430  -2.408864540030  -2.483008455933  -2.533371388520  -2.508089465033  -2.453798835535  -2.395202054315  -2.355870980553  -2.313980835821  -2.278324801979  -2.247718392672  -2.221174975129  -2.197859123603  -2.104563241583  -1.997278466219  -1.872827687683  -1.744294927054  -1.620569031511  -1.508472661929  -1.411021194226  -1.329826497511  -1.265878799793  -1.219811211323
          1       24.000 -17.650000000000   0.400000000000  -3.776700580889  -3.033238918740  -2.494232493179  -2.149501554734  -1.961596333583  -1.917340751345  -1.981977895006  -2.092836267564  -2.210131404048  -2.312686786611  -2.391496330930  -2.474211139650  -2.480929516888  -2.446487339281  -2.396771384018  -2.359778900109  -2.318116830345  -2.281850523893  -2.250575548228  -2.223429283916  -2.199536419591  -2.104056209161  -1.996796315409  -1.872722201598  -1.744455248350  -1.620884862494  -1.508868419194  -1.411457958910  -1.330287121778  -1.266353772984  -1.220291240578
          1       25.000 -20.200000000000   0.440000000000  -4.485386468905  -3.778937256104  -3.213210336735  -2.777817023972  -2.456715233578  -2.252184840887  -2.170363373719  -2.170729329244  -2.215724999550  -2.277218028338  -2.337331614137  -2.422123499411  -2.448521729952  -2.432234403173  -2.393806702027  -2.361175757016  -2.321356995932  -2.285177937787  -2.253428716138  -2.225697651002  -2.201220892993  -2.103615722927  -1.996321036402  -1.872613347271  -1.744612636824  -1.621198643768  -1.509263127305  -1.411894269949  -1.330747505092  -1.266828517641  -1.220771023001
          1       26.000 -15.600000000000   0.510000000000  -4.803350785880  -4.254359078146  -3.736896894058  -3.284185298258  -2.905981398779  -2.612051886572  -2.427584742447  -2.331922877913  -2.299301453171  -2.305154823191  -2.329790158783  -2.388453185394  -2.418779192116  -2.414748897859  -2.387138488150  -2.359829576173  -2.323190214197  -2.287956874217  -2.256123919519  -2.227939944020  -2.202918055665  -2.103238634463  -1.995854172174  -1.872501354308  -1.744767101679  -1.621510378298  -1.509656775446  -1.412330117073  -1.331207642061  -1.267303032866  -1.221250559461
          1       27.000 -13.900000000000   0.600000000000  -4.696578010991  -4.302254573730  -3.912361281954  -3.543539036070  -3.205366574520  -2.906782055712  -2.680441081022  -2.524917250279  -2.430425347322  -2.382482066454  -2.365786848450  -2.379161267335  -2.398132730556  -2.398164284001  -2.378499850256  -2.356251387370  -2.323460783218  -2.289918988030  -2.258480468844  -2.230076974849  -2.204611894706  -2.102921854888  -1.995397137758  -1.872386486544  -1.744918654315  -1.621820068883  -1.510049353172  -1.412765490130  -1.331667527285  -1.267777317689  -1.221729850736
          1       28.000  -8.600000000000   0.720000000000  -4.439491283335  -4.203538278915  -3.932031620791  -3.648694740601  -3.368577395115  -3.100352523294  -2.874746893389  -2.697932162250  -2.569352218161  -2.483332459700  -2.431192969121  -2.393761065566  -2.390294155930  -2.386034494698  -2.369959785447  -2.351460537300  -2.322385310429  -2.290964013510  -2.260354776464  -2.232016317575  -2.206265299921  -2.102662222718  -1.994951210540  -1.872269038457  -1.745067309373  -1.622127718254  -1.510440850397  -1.413200379089  -1.332127155355  -1.268251371072  -1.222208897511
          1       29.000  -2.650000000000   1.210000000000  -4.080549530388  -3.969307246648  -3.810399033285  -3.621314238716  -3.415573022646  -3.199986261130  -3.000874379956  -2.829005980610  -2.689723806051  -2.583605926529  -2.507617790734  -2.426032654281  -2.395580654613  -2.380560270345  -2.363392911300  -2.346678352927  -2.320466193245  -2.291182176109  -2.261684975294  -2.233681196543  -2.207828810583  -2.102456226778  -1.994517525811  -1.872149330953  -1.745213085664  -1.622433329181  -1.510831257372  -1.413634774040  -1.332586520855  -1.268725191904  -1.222687700383
          1       30.000   0.800000000000   1.470000000000  -3.779113481200  -3.734637880497  -3.647314942392  -3.528091823281  -3.386121398235  -3.224599071009  -3.062776697916  -2.911602569847  -2.778623470742  -2.667888503656  -2.580290951812  -2.467500733085  -2.411472784667  -2.382244230970  -2.360061026104  -2.343018265567  -2.318346655201  -2.290822482215  -2.262507108854  -2.235032585761  -2.209253728415  -2.102299731097  -1.994097073152  -1.872027706809  -1.745356006943  -1.622736904607  -1.511220564675  -1.414068665200  -1.333045618365  -1.269198779007  -1.223166259855
          1       31.000   3.950000000000   0.000000000000   3.943123787402  -2.242898981541  -3.191291566763  -3.335952667600  -3.299662412972  -3.199931979135  -3.078117068045  -2.953225368777  -2.835205581920  -2.729902053179  -2.640361760231  -2.510364640838  -2.434004247925  -2.390124633109  -2.360420245188  -2.341243375866  -2.316647806091  -2.290224272907  -2.262944601534  -2.236080359541  -2.210505680103  -2.102187679800  -1.993690633271  -1.871904530580  -1.745496113476  -1.623038455705  -1.511608767572  -1.414502044955  -1.333504443551  -1.269672132058  -1.223644577294
          1       32.000   3.750000000000   0.000000000000   3.401555251558   1.475994609125  -0.358168490627  -1.439630775068  -2.174146417815  -2.618113701626  -2.808564296743  -2.851355786152  -2.817855182354  -2.752077203625  -2.678586872151  -2.548456453626  -2.459111805452  -2.402430915847  -2.364247084399  -2.341699256748  -2.315852149346  -2.289736481791  -2.263172800851  -2.236876683318  -2.211570912998  -2.102114715156  -1.993298960529  -1.871780165694  -1.745633425633  -1.623337975379  -1.511995851398  -1.414934901058  -1.333962989542  -1.270145248498  -1.224122651739
          1       33.000  -0.450000000000   0.130000000000   0.177004445875   0.131404047048  -0.219781822951  -0.865420451192  -1.482422357155  -1.994849465902  -2.336870732498  -2.538542610363  -2.636144772341  -2.663776746558  -2.649468806266  -2.566129726705  -2.480857388926  -2.416652047544  -2.370743216571  -2.344304712170  -2.316231253802  -2.289654061204  -2.263386165705  -2.237508203850  -2.212461880089  -2.102074809566  -1.992922587603  -1.871654992988  -1.745767982547  -1.623635465750  -1.512381806408  -1.415367223477  -1.334421250575  -1.270618126683  -1.224600483170
          1       34.000  -8.300000000000   0.260000000000  -1.047828965706  -0.573886075889  -0.606048304795  -0.915533728470  -1.307182494739  -1.703736841945  -2.026494496688  -2.263877854016  -2.422018821251  -2.514430411305  -2.556972679773  -2.547114311612  -2.489006844092  -2.428270032237  -2.378267231328  -2.348488343113  -2.317792103145  -2.290157359100  -2.263754472564  -2.238076085613  -2.213215216619  -2.102061614429  -1.992561655972  -1.871529398248  -1.745899866847  -1.623930957492  -1.512766638896  -1.415799009869  -1.334879224931  -1.271090768216  -1.225078074820
          1       35.000 -15.450000000000   0.280000000000  -3.318878720102  -2.339833216275  -1.774999099247  -1.540622689343  -1.531075028410  -1.681990175380  -1.894440285134  -2.095413894980  -2.257288038031  -2.373844190527  -2.448454416052  -2.499805668538  -2.478544152986  -2.432144364288  -2.384185301347  -2.353047653183  -2.320240117216  -2.291294266695  -2.264400657171  -2.238675962210  -2.213878941446  -2.102070062584  -1.992216654377  -1.871403756980  -1.746029079471  -1.624224415464  -1.513150317846  -1.416230239962  -1.335336901234  -1.271563166702  -1.225555421827
          1       36.000 -18.150000000000   0.330000000000  -4.420210961206  -3.592198537099  -2.939960690205  -2.461788006594  -2.143861662989  -1.994022066130  -1.996502729679  -2.077346761024  -2.182289954931  -2.280616294695  -2.358521604210  -2.442990568420  -2.454063967529  -2.426723823181  -2.386245213935  -2.356411004094  -2.322887882033  -2.292886298299  -2.265349719060  -2.239377611789  -2.214509735590  -2.102095244244  -1.991887426880  -1.871278447038  -1.746155710275  -1.624515867287  -1.513532847352  -1.416660910280  -1.335794277021  -1.272035323014  -1.226032526651
