   1.0000000000000000     
  -18.149999999999999     
  -18.149948740569940     
  -18.149897481143412     
  -18.149846221723962     
  -18.149794962315120     
  -18.149743702920428     
  -18.149718073229714     
  -18.149692443543859     
  -18.149666813863316     
  -18.149641184188521     
  -18.149615554519919     
  -18.149589924857946     
  -13.877980774515226     
  -9.6186523434728812     
  -5.3836835299505115     
  -5.2093803988086638     
  -5.0365103416902475     
  -4.8686207000370096     
  -4.7057893308136602     
  -4.5480839570225493     
  -4.3955618788236919     
  -4.2482697179003850     
  -4.1062431960019090     
  -3.9695069485793173     
  -3.8380743745218169     
  -3.7119475231982624     
  -3.5911170203011764     
  -3.4755620343609079     
  -3.3652502862180533     
  -3.2601381041779405     
  -3.1601705279799388     
  -3.0652814650493352     
  -2.9753939027106635     
  -2.8904201800790186     
  -2.8102623231644879     
  -2.7300968702445370     
  -2.6562586807312218     
  -2.5891318725175250     
  -2.5285355941046896     
  -2.4742589641804908     
  -2.4260629767845892     
  -2.3836830335430621     
  -2.3468320386225554     
  -2.3152039596898089     
  -2.2884777325612298     
  -2.2663213709314185     
  -2.2483961368950265     
  -2.2343606328640964     
  -2.2238746896126624     
  -2.2166029462972352     
  -2.2122180436621317     
  -2.2104033784651347     
  -2.2108553930146044     
  -2.2132853967381050     
  -2.2174209357264432     
  -2.2230067406873091     
  -2.2298052937118928     
  -2.2375970601076878     
  -2.2461804339186759     
  -2.2553714453784592     
  -2.2650032761597561     
  -2.2749256245633092     
  -2.2850039582933270     
  -2.2951186876394063     
  -2.3051642870556766     
  -2.3150483885241488     
  -2.3608443335193345     
  -2.3947739897773448     
  -2.4154633454996222     
  -2.4240174672671033     
  -2.4226829383578754     
  -2.4140095465173967     
  -2.4003730510964005     
  -2.3837474193687003     
  -2.3656410453167092     
  -2.3574469241240612     
  -2.3410081923920480     
  -2.3249457378247547     
  -2.3094552883238046     
  -2.2945827193094583     
  -2.2802926631941727     
  -2.2665152549690255     
  -2.2531743694628794     
  -2.2402019471432326     
  -2.2275429409890393     
  -2.2151547079655018     
  -2.1567720471062635     
  -2.1021337335485550     
  -2.0478854237052180     
  -1.9915738312422742     
  -1.9324820725671663     
  -1.8711538308160272     
  -1.8086897839919120     
  -1.7462798282429992     
  -1.6248053211759754     
  -1.5139142203089844     
  -1.4170910119644280     
  -1.3362513468896979     
  -1.2725072355257028     
  -1.2265093892027332     
