          1        1.000 -16.150000000000   0.020000000000  -1.645113700000  -0.717388630000  -0.062389974000  -0.223840420000  -0.453136180000  -0.673960700000  -0.937388100000  -1.372667600000  -1.695388900000  -1.924841500000  -2.080923800000  -2.242252000000  -2.305318800000  -2.332374000000  -2.344385600000  -2.346332300000  -2.343004200000  -2.335326400000  -2.323901400000  -2.309367400000  -2.292306400000  -2.180921800000  -2.047354200000  -1.904581100000  -1.762379300000  -1.628081600000  -1.507712700000  -1.403868600000  -1.317997100000  -1.251149000000  -1.204092500000
          1        2.000 -13.650000000000   0.020000000000 -13.094887635270 -10.253133449095  -7.511407635997  -5.177686710270  -3.424431306153  -2.290002400297  -1.604192342610  -1.396526433604  -1.614144428870  -1.837418986515  -2.006174967472  -2.201510434279  -2.288310946457  -2.325111769664  -2.339925218877  -2.342563998566  -2.339676565386  -2.332471711459  -2.321508724581  -2.307334651786  -2.290337765298  -2.179815623834  -2.046897334680  -1.904609734467  -1.762660086811  -1.628460915929  -1.508159434735  -1.404351357587  -1.318504757738  -1.251674088789  -1.204624116239
          1        3.000 -10.300000000000   0.060000000000 -10.152368308490  -9.225131582714  -8.024458385781  -6.734001533684  -5.504341599751  -4.445221105996  -3.435196978642  -2.269201043682  -1.857122439822  -1.852874787160  -1.963525777387  -2.165556030178  -2.269933207390  -2.316608781269  -2.335340223379  -2.339069336606  -2.336648290214  -2.329840440078  -2.319239967347  -2.305350809895  -2.288607527560  -2.178880393223  -2.046510207906  -1.904631711652  -1.762927175851  -1.628839194386  -1.508605336034  -1.404833824935  -1.319012232660  -1.252198911516  -1.205155413621
          1        4.000  -6.100000000000   0.140000000000  -7.091513203844  -7.101147772303  -6.826897806400  -6.349799879981  -5.755466653311  -5.123809075014  -4.371189857453  -3.217335495651  -2.463881476491  -2.114955928569  -2.030881090110  -2.142793224732  -2.250434998396  -2.306237387276  -2.329930562629  -2.335285776997  -2.333525357462  -2.327168407235  -2.316931511606  -2.303362964143  -2.286947789059  -2.178052781803  -2.046166768699  -1.904647831549  -1.763183459166  -1.629216152624  -1.509050410279  -1.405315991373  -1.319519520090  -1.252723469542  -1.205686395606
          1        5.000  -1.000000000000   0.430000000000  -5.672657782549  -5.802755150518  -5.780124924216  -5.622885346071  -5.359196624436  -5.022385941605  -4.547532904146  -3.688963182535  -2.971036272302  -2.483513221183  -2.227585817592  -2.159643708798  -2.236459204588  -2.295147539629  -2.323725945437  -2.331114339735  -2.330220498592  -2.324417581335  -2.314590865714  -2.301376996928  -2.285310003952  -2.177291289372  -2.045850438374  -1.904659017324  -1.763431084774  -1.629591585813  -1.509494654972  -1.405797846002  -1.320026614904  -1.253247763460  -1.206217064754
          1        6.000   1.550000000000   0.530000000000  -4.820837722411  -5.003653841616  -5.076426535499  -5.047226493358  -4.930664970310  -4.744789914951  -4.443922435180  -3.836996089786  -3.254712565416  -2.780887327594  -2.457919840963  -2.223252614975  -2.236908978377  -2.286064155351  -2.317195047042  -2.326580806431  -2.326685579341  -2.321550401855  -2.312201737361  -2.299378606343  -2.283670217294  -2.176568274896  -2.045550532934  -1.904666131793  -1.763671672545  -1.629965348455  -1.509938062991  -1.406279378218  -1.320533511978  -1.253771793766  -1.206747423515
          1        7.000   6.450000000000   0.000000000000   4.562491074660  -1.513582193564  -3.315168777514  -4.076686479783  -4.337077409399  -4.359291555006  -4.223040947316  -3.827365299024  -3.382715455418  -2.973577887508  -2.650578971256  -2.314994922519  -2.255708088928  -2.282319198628  -2.311340919867  -2.321926052760  -2.322954859866  -2.318548896496  -2.309742922893  -2.297349533360  -2.282012897663  -2.175865227723  -2.045260118693  -1.904669908856  -1.763906464448  -1.630337346412  -1.510380627516  -1.406760578945  -1.321040207005  -1.254295561887  -1.207277475438
          1        8.000   5.800000000000   0.000000000000   5.798266225092   2.394359433005  -0.369127975713  -1.573958586221  -2.424279646696  -2.977251185617  -3.329185321602  -3.490137025075  -3.331568102288  -3.057226713940  -2.782847690726  -2.411897213596  -2.289996072527  -2.286047022935  -2.307385666680  -2.317602262440  -2.319179623557  -2.315441190665  -2.307205366953  -2.295274435314  -2.280325913359  -2.175169826148  -2.044974718613  -1.904670913683  -1.764136384978  -1.630707515200  -1.510822338268  -1.407241438661  -1.321546695330  -1.254819068620  -1.207807223313
          1        9.000   1.900000000000   0.000000000000   1.900050773946   1.228572234696   0.146775684950  -0.714380723870  -1.400772738948  -1.938852069509  -2.413265227001  -2.903374122728  -3.042846207203  -2.976636656582  -2.819053392899  -2.493262967559  -2.332951893244  -2.297397430133  -2.306302493786  -2.314156396592  -2.315620341702  -2.312319236914  -2.304607311690  -2.293147540513  -2.278599813972  -2.174473674923  -2.044691380258  -1.904669550731  -1.764362108041  -1.631075800231  -1.511263177445  -1.407721945300  -1.322052970726  -1.255342312725  -1.208336667582
          1       10.000  -5.800000000000   0.210000000000  -0.529438280961  -0.000068652311  -0.066941813915  -0.545624112890  -1.020824587921  -1.439357368232  -1.870945003960  -2.429617415372  -2.714122922817  -2.799497548027  -2.761198895169  -2.540424754137  -2.375373114955  -2.314421491579  -2.308373254948  -2.312012249521  -2.312566239117  -2.309326435957  -2.302002028044  -2.290980487579  -2.276831474131  -2.173771168966  -2.044408117035  -1.904666158310  -1.764584240156  -1.631442216319  -1.511703150820  -1.408202096727  -1.322559032898  -1.255865299986  -1.208865816748
          1       11.000 -13.950000000000   0.220000000000  -1.384961970417  -0.366106851448  -0.167716302335  -0.523347802625  -0.881453711133  -1.212107169118  -1.579996170709  -2.111780957931  -2.443055940284  -2.609576850910  -2.655661784101  -2.548700596407  -2.408237540741  -2.333843395833  -2.313287484662  -2.311428698588  -2.310292312184  -2.306637945951  -2.299473311778  -2.288802433786  -2.275023953930  -2.173058118577  -2.044123545515  -1.904660885236  -1.764803101562  -1.631806704924  -1.512142224123  -1.408681874429  -1.323064871701  -1.256388024266  -1.209394665622
          1       12.000 -18.950000000000   0.220000000000  -3.789010063166  -2.564503408416  -1.759216442682  -1.335408833883  -1.212451185865  -1.277817592843  -1.484961363960  -1.912991649993  -2.240145151841  -2.442954767934  -2.540548279661  -2.527796688019  -2.426601559606  -2.351639682794  -2.319970937495  -2.312347965107  -2.308972473819  -2.304427019710  -2.297129978268  -2.286664271433  -2.273192138117  -2.172331242685  -2.043836560198  -1.904653807533  -1.765018936354  -1.632169207736  -1.512580357749  -1.409161257146  -1.323570475428  -1.256910478123  -1.209923207726
          1       13.000 -19.150000000000   0.240000000000  -5.521355759622  -4.329677863151  -3.380221354144  -2.676642505443  -2.206300154402  -1.940620639792  -1.828229318103  -1.919528993913  -2.131844104403  -2.317186888362  -2.435590565382  -2.490956221002  -2.431405208538  -2.365069032549  -2.326957355669  -2.314317656884  -2.308546002051  -2.302770517905  -2.295059104668  -2.284623229045  -2.271363319250  -2.171589156103  -2.043546464538  -1.904645038681  -1.765232080263  -1.632529786115  -1.513017565679  -1.409640246016  -1.324075845665  -1.257432669294  -1.210451453780
          1       14.000 -13.500000000000   0.300000000000  -5.805870823172  -5.038289109208  -4.305256017586  -3.659772523693  -3.134684984232  -2.744552245262  -2.434090373829  -2.179273546274  -2.177655729570  -2.269493979495  -2.363067034608  -2.449159967253  -2.425653288147  -2.373026999587  -2.333062504956  -2.316791282415  -2.308825153322  -2.301666297858  -2.293316245656  -2.282731581043  -2.269570373656  -2.170831097898  -2.043252676388  -1.904634592483  -1.765442717834  -1.632888448702  -1.513453835546  -1.410118831047  -1.324580977309  -1.257954597569  -1.210979405432
          1       15.000 -12.400000000000   0.350000000000  -5.407640017672  -4.942774569970  -4.479009601180  -4.035547393027  -3.633068041192  -3.289649473637  -2.953475252816  -2.540481055962  -2.355332744068  -2.318327982443  -2.345765262624  -2.414531814138  -2.413753709878  -2.375746364901  -2.337537141820  -2.319238077158  -2.309535630266  -2.301031162477  -2.291911488811  -2.281025826323  -2.267847188167  -2.170057250458  -2.042954720066  -1.904622450212  -1.765650992208  -1.633245207612  -1.513889155654  -1.410597002322  -1.325085865260  -1.258476262660  -1.211507064232
          1       16.000  -5.500000000000   0.420000000000  -4.817539404070  -4.662946370099  -4.423253798183  -4.141812820728  -3.852263646548  -3.579014526192  -3.279049345934  -2.845091828470  -2.570421142858  -2.432880936155  -2.385121207828  -2.397648078793  -2.401100310577  -2.374540533194  -2.340133190990  -2.321255228384  -2.310390709138  -2.300729157009  -2.290811425587  -2.279520348436  -2.266222504363  -2.169268719992  -2.042652200784  -1.904608569245  -1.765857014721  -1.633600077320  -1.514323515013  -1.411074750011  -1.325590504413  -1.258997664199  -1.212034431634
          1       17.000  -1.450000000000   0.700000000000  -4.181524308906  -4.183024886625  -4.111883185804  -3.986665881075  -3.826594534795  -3.649639168609  -3.424516878891  -3.047676339835  -2.756708932586  -2.565783394979  -2.460215370341  -2.402401408750  -2.392709053152  -2.371463016100  -2.341084034906  -2.322632104751  -2.311153597488  -2.300607650600  -2.289951537219  -2.278207097599  -2.264715196941  -2.168467450126  -2.042344795157  -1.904592889597  -1.766060872094  -1.633953073825  -1.514756903357  -1.411552064386  -1.326094889667  -1.259518801745  -1.212561508996
          1       18.000   1.600000000000   0.770000000000  -3.738561081304  -3.807914955880  -3.815938623555  -3.774548002209  -3.695539783111  -3.590266396599  -3.436026459186  -3.144300552951  -2.883746579196  -2.682096663370  -2.545437397349  -2.425443785730  -2.391616254203  -2.368712694364  -2.340992872821  -2.323368818034  -2.311680204018  -2.300531585831  -2.289253846605  -2.277060362014  -2.263332111112  -2.167656051522  -2.042032251413  -1.904575338959  -1.766262631837  -1.634304214022  -1.515189311137  -1.412028935837  -1.326599015919  -1.260039674778  -1.213088297584
          1       19.000   4.450000000000   0.000000000000   4.441161643378  -1.627741563203  -2.893956391323  -3.335349211858  -3.452959688663  -3.447820405291  -3.369057838095  -3.166211780220  -2.953393778491  -2.766447398324  -2.621650385254  -2.459345591126  -2.398283388247  -2.367986974513  -2.340624215787  -2.323644205425  -2.311937592461  -2.300409927122  -2.288644867685  -2.276044053284  -2.262067928808  -2.166837591090  -2.041714432281  -1.904555851059  -1.766462360431  -1.634653528055  -1.515620736531  -1.412505358130  -1.327102879963  -1.260560284578  -1.213614800584
          1       20.000   3.950000000000   0.000000000000   3.948644709566   1.296602205468  -0.579762651451  -1.486884563453  -2.132115761469  -2.553410740532  -2.831936155744  -2.993048698099  -2.935863201877  -2.807727311653  -2.678197322684  -2.496472979603  -2.411247063695  -2.370148709610  -2.340668053715  -2.323730436641  -2.311986609014  -2.300206744573  -2.288071208816  -2.275122233458  -2.260909455005  -2.166015205874  -2.041391275766  -1.904534354550  -1.766660108973  -1.635001043407  -1.516051177355  -1.412981324847  -1.327606478402  -1.261080632042  -1.214141020710
          1       21.000   1.250000000000   0.000000000000   1.188129680932   0.635289695244  -0.154942207611  -0.818396219823  -1.367993625418  -1.798807576621  -2.183981106816  -2.598988123761  -2.749673328471  -2.751522421929  -2.687175891541  -2.527868356970  -2.427934781730  -2.375333792714  -2.341642446547  -2.323923242010  -2.311949162778  -2.299935243384  -2.287505669996  -2.274267584981  -2.259842439605  -2.165191966670  -2.041062593122  -1.904510692917  -1.766855843494  -1.635346718114  -1.516480593210  -1.413456811436  -1.328109797199  -1.261600707720  -1.214666949601
          1       22.000  -5.600000000000   0.180000000000  -0.835231987010  -0.072018926354  -0.206075373212  -0.640321539117  -1.046330476305  -1.401011406093  -1.768102746344  -2.251875532360  -2.515745718974  -2.624590090181  -2.638087721520  -2.542105487286  -2.444086010221  -2.382646663966  -2.343686500436  -2.324443464207  -2.311969854607  -2.299649937659  -2.286947383511  -2.273459314435  -2.258845783367  -2.164370633055  -2.040728729275  -1.904484891370  -1.767049686849  -1.635690660445  -1.516909028770  -1.413931833284  -1.328612845491  -1.262120524458  -1.215192602707
          1       23.000 -12.250000000000   0.210000000000  -2.474631887246  -1.695744233298  -1.221025615100  -1.053266880659  -1.115478791760  -1.292310381970  -1.562514399042  -2.009435340516  -2.310495821196  -2.480359235721  -2.553496179092  -2.533112212691  -2.454547169347  -2.390522920529  -2.346690640813  -2.325431554084  -2.312180353989  -2.299422046927  -2.286418340777  -2.272694930703  -2.257909816025  -2.163553806071  -2.040389531432  -1.904456737424  -1.767241543711  -1.636032784355  -1.517336419425  -1.414406353789  -1.329115602067  -1.262640066028  -1.215717964517
          1       24.000 -16.550000000000   0.220000000000  -4.268145573217  -3.253695330376  -2.522652468218  -2.043165157697  -1.775716398413  -1.673182326893  -1.701896729937  -1.926738243645  -2.172741593444  -2.354454100700  -2.461173820697  -2.506041412916  -2.456436573017  -2.396859601139  -2.350083918136  -2.326832170245  -2.312644264987  -2.299315834705  -2.285950927447  -2.271979596963  -2.257025320682  -2.162743467156  -2.040045339716  -1.904426198297  -1.767431466418  -1.636373143543  -1.517762780682  -1.414880374287  -1.329618067706  -1.263159337144  -1.216243041797
          1       25.000 -19.350000000000   0.250000000000  -5.911258178543  -4.756849074401  -3.842878173923  -3.151593594635  -2.660869449895  -2.344321345795  -2.140661819504  -2.056130901953  -2.150949537136  -2.281057638578  -2.384767026093  -2.469523752777  -2.449890202970  -2.400134056563  -2.353141797718  -2.328437771602  -2.313337758653  -2.299363078912  -2.285574264168  -2.271325203582  -2.256190553568  -2.161941201714  -2.039696463469  -1.904393214453  -1.767619470909  -1.636711761662  -1.518188112264  -1.415353888699  -1.330120238779  -1.263678338146  -1.216767836600
          1       26.000 -14.450000000000   0.310000000000  -6.115913503223  -5.432879180030  -4.721740439147  -4.070776615967  -3.525453626773  -3.103960671346  -2.741668898828  -2.372530843044  -2.265347018131  -2.287520124423  -2.347236943737  -2.433978027137  -2.437277522072  -2.399777644635  -2.355228150665  -2.329958275666  -2.314157324184  -2.299551876831  -2.285302558950  -2.270743278055  -2.255408456181  -2.161148335483  -2.039343233294  -1.904357723847  -1.767805559751  -1.637048652701  -1.518612409237  -1.415826888679  -1.330622110254  -1.264197067965  -1.217292349472
          1       27.000 -12.200000000000   0.380000000000  -5.743435972077  -5.297389580492  -4.838752798415  -4.390851564582  -3.975984265533  -3.612835104982  -3.243119342140  -2.753328853250  -2.485224635975  -2.380297151264  -2.364510808054  -2.410283580658  -2.422576303176  -2.396248454971  -2.355984006331  -2.331114412652  -2.314952466367  -2.299828362677  -2.285127929747  -2.270238698795  -2.254683472857  -2.160366019534  -2.038986015996  -1.904319674689  -1.767989732461  -1.637383829810  -1.519035667066  -1.416299366061  -1.331123677112  -1.264715525475  -1.217816580876
          1       28.000  -6.800000000000   0.480000000000  -5.153496159040  -4.979393622466  -4.733687754202  -4.449113436975  -4.153444995910  -3.868660931806  -3.546636011910  -3.059419830309  -2.722103317985  -2.525829542192  -2.433470414664  -2.406881659986  -2.410541714237  -2.390901691127  -2.355423086870  -2.331722155486  -2.315572691955  -2.300112615540  -2.285020954929  -2.269806026696  -2.254018313783  -2.159595313644  -2.038625205235  -1.904279026392  -1.768171986087  -1.637717305283  -1.519457881573  -1.416771312861  -1.331624934359  -1.265233709488  -1.218340531190
          1       29.000  -1.150000000000   0.850000000000  -4.559080324369  -4.537033762031  -4.444344088621  -4.299572328075  -4.121315654646  -3.926601834266  -3.678747306718  -3.257620198563  -2.917675998017  -2.678151915486  -2.531203684987  -2.425666593202  -2.405333682883  -2.385655471905  -2.353933330013  -2.331747759129  -2.315912774903  -2.300322296624  -2.284938245295  -2.269429379303  -2.253411420873  -2.158837221881  -2.038261214233  -1.904235750194  -1.768352315722  -1.638049090549  -1.519879048904  -1.417242721279  -1.332125877019  -1.265751618755  -1.218864200713
          1       30.000   2.000000000000   0.850000000000  -4.093066270499  -4.149695614601  -4.142863595495  -4.085057989305  -3.988637679794  -3.865345738902  -3.688077627601  -3.354120060234  -3.050474270139  -2.806802755852  -2.632663594167  -2.461806614971  -2.409079439225  -2.382431269501  -2.352175828721  -2.331321876480  -2.315945054102  -2.300396955555  -2.284834406378  -2.269085742259  -2.252855925900  -2.158092674020  -2.037894470207  -1.904189829498  -1.768530714984  -1.638379196187  -1.520299165494  -1.417713583691  -1.332626500144  -1.266269251973  -1.219387589658
          1       31.000   4.750000000000   0.000000000000   4.736400582836  -1.740402411115  -3.134425972309  -3.614456057759  -3.732910610051  -3.716218875080  -3.617692737232  -3.376460228045  -3.124747782127  -2.900057750301  -2.720854263257  -2.507215842354  -2.421433599217  -2.382561985631  -2.350887691988  -2.330704520755  -2.315730602043  -2.300317254713  -2.284675373356  -2.268750732327  -2.252340207300  -2.157362358471  -2.037525423184  -1.904141278750  -1.768707190281  -1.638707643748  -1.520718235543  -1.418183896639  -1.333126801151  -1.266786609763  -1.219910700156
          1       32.000   4.550000000000   0.000000000000   4.548429530624   1.544652109488  -0.576735601359  -1.568100919850  -2.267095299099  -2.720030170799  -3.014481193477  -3.175705488910  -3.099858427987  -2.944283616618  -2.785441771179  -2.554117052819  -2.440392954925  -2.386580301084  -2.350692809854  -2.330210211937  -2.315398669430  -2.300108209906  -2.284446904657  -2.268404938778  -2.251850889380  -2.156646904849  -2.037154500133  -1.904090095954  -1.768881726729  -1.639034436064  -1.521136252224  -1.418653650972  -1.333626774048  -1.267303689735  -1.220433531258
          1       33.000   0.650000000000   0.000000000000   0.664484915813   0.449333352568  -0.146957315462  -0.838009704429  -1.421525068900  -1.881895470052  -2.293192061210  -2.733704919644  -2.888183810270  -2.878933573776  -2.795411880003  -2.593009803136  -2.462830653603  -2.394212426620  -2.351979046463  -2.330140202608  -2.315119843344  -2.299835856014  -2.284159184054  -2.268038498557  -2.251375183973  -2.155946716503  -2.036782132245  -1.904036284690  -1.769054304307  -1.639359571348  -1.521553206276  -1.419122836207  -1.334126411982  -1.267820488745  -1.220956081258
          1       34.000  -6.800000000000   0.180000000000  -1.294488765422  -0.429042996577  -0.285804538760  -0.678501324892  -1.092125439499  -1.460749050746  -1.844507600733  -2.351326550052  -2.626362935304  -2.734755855446  -2.738922676124  -2.610970798978  -2.483976148491  -2.404309719045  -2.354775681735  -2.330691355506  -2.315055657002  -2.299589299241  -2.283845323150  -2.267654452334  -2.250903990368  -2.155261412636  -2.036408774160  -1.903979942944  -1.769224966324  -1.639683100022  -1.521969122848  -1.419591460584  -1.334625719080  -1.268337012679  -1.221478357411
          1       35.000 -14.200000000000   0.190000000000  -4.614234450189  -3.110195753684  -2.152402777345  -1.648876632977  -1.481933076148  -1.521856694158  -1.710078003251  -2.110005776951  -2.406462924136  -2.575874310665  -2.644296026103  -2.601787475369  -2.497862157701  -2.414894699215  -2.358842801345  -2.331981407040  -2.315354464343  -2.299469613447  -2.283554241005  -2.267267326324  -2.250434437154  -2.154591574538  -2.036034811404  -1.903920970359  -1.769393595810  -1.640004937862  -1.522383940301  -1.420059485189  -1.335124671541  -1.268853244278  -1.222000343980
          1       36.000 -17.000000000000   0.230000000000  -5.464391621620  -4.459019360311  -3.636418951424  -2.997007618653  -2.541829615505  -2.261770591717  -2.114721057630  -2.137918902980  -2.301400003687  -2.453412250135  -2.547248377917  -2.572890038778  -2.501629731729  -2.423514840386  -2.363417664906  -2.333878694313  -2.316059509631  -2.299551203509  -2.283339228998  -2.266901854433  -2.249970635625  -2.153936268500  -2.035660681320  -1.903859501888  -1.769560248139  -1.640325143360  -1.522797689999  -1.420526921705  -1.335623275381  -1.269369190886  -1.222522049643
