   1.0000000000000000     
  -17.000000000000000     
  -16.999937327223513     
  -16.999874654453087     
  -16.999811981694776     
  -16.999749308954630     
  -16.999686636238717     
  -16.999655299892115     
  -16.999623963553841     
  -16.999592627224658     
  -16.999561290905316     
  -16.999529954596575     
  -16.999498618299192     
  -16.999467282013917     
  -11.776755214649716     
  -6.5750749099720309     
  -6.3717791114105387     
  -6.1701154815183381     
  -5.9736141287632023     
  -5.7823797947295681     
  -5.5965092799313592     
  -5.4160912141588389     
  -5.2412058451160259     
  -5.0719248450615222     
  -4.9083111350336663     
  -4.7504187261782569     
  -4.5982925777149264     
  -4.4519684711847045     
  -4.3114729008208759     
  -4.1768229801781898     
  -4.0480263655371962     
  -3.9250811970610777     
  -3.8079760592059335     
  -3.6966899624501686     
  -3.5911923489863895     
  -3.4914431255758376     
  -3.3973927272617690     
  -3.3089822160314846     
  -3.2261434187622080     
  -3.1487991088406861     
  -3.0768632356716008     
  -3.0102412058561603     
  -2.9488302191127698     
  -2.8925196610265012     
  -2.8411915534724788     
  -2.7947210621004466     
  -2.6978740806602448     
  -2.6150553181263652     
  -2.5464786474240260     
  -2.4910421780811514     
  -2.4475537651171040     
  -2.4147652880705990     
  -2.3914075712076750     
  -2.3762232985449971     
  -2.3679958295056331     
  -2.3655725790666899     
  -2.3678824068570670     
  -2.3739471230271985     
  -2.3828876915681283     
  -2.3939259824067771     
  -2.4063830215938578     
  -2.4196746622324561     
  -2.4333054965330785     
  -2.4468616919303550     
  -2.4600032900255542     
  -2.4724563734772449     
  -2.4840053913809914     
  -2.5257482812348502     
  -2.5365220295766910     
  -2.5234101275673546     
  -2.4960444384736125     
  -2.4626012718202945     
  -2.4285120126635120     
  -2.3965725127350810     
  -2.3676273940003951     
  -2.3413450906540731     
  -2.3361034928854769     
  -2.3263076714982160     
  -2.3171201977388964     
  -2.3083576374368504     
  -2.2998668521628116     
  -2.2915262331985056     
  -2.2832425884588630     
  -2.2749461121851837     
  -2.2665849843277646     
  -2.2581204589145609     
  -2.2495228158787572     
  -2.2041788383023122     
  -2.1532949910995085     
  -2.0966903267150743     
  -2.0352867655269700     
  -1.9705001286370585     
  -1.9037955994855427     
  -1.8364933690476621     
  -1.7697249172909493     
  -1.6406437221140848     
  -1.5232103696143213     
  -1.4209937636954533     
  -1.3361215258671133     
  -1.2698848508418163     
  -1.2230434740864558     
