          1        1.000 -15.900000000000   0.020000000000  -1.370344400000  -0.366403820000  -0.004074214500  -0.132147310000  -0.376039770000  -0.785255800000  -1.113223700000  -1.370708300000  -1.568646400000  -1.718074200000  -1.829567300000  -1.972856200000  -2.058498400000  -2.116808200000  -2.159519000000  -2.180425600000  -2.191913100000  -2.195694000000  -2.192543500000  -2.183389000000  -2.169170400000  -2.044872000000  -1.881787100000  -1.711218000000  -1.548156900000  -1.400359300000  -1.272522400000  -1.165418700000  -1.078649900000  -1.011828100000  -0.964867950000
          1        2.000 -13.450000000000   0.020000000000 -12.963160574861 -10.488446912378  -8.076816723079  -5.957365842815  -3.958203259598  -1.782848543592  -1.221857189852  -1.320364196116  -1.500108519904  -1.655192262094  -1.777076978756  -1.941737936545  -2.042038202289  -2.107109914490  -2.151864261776  -2.173356510071  -2.185714643779  -2.190364448419  -2.187953229680  -2.179359674516  -2.165177009960  -2.042941737952  -1.881416166693  -1.711587272874  -1.548689949620  -1.400896289128  -1.273073849449  -1.165954567395  -1.079170666581  -1.012342257301  -0.965380776948
          1        3.000  -9.950000000000   0.060000000000  -9.849151409313  -9.211661178724  -8.366688959568  -7.418458794527  -6.226726244055  -4.284079235643  -2.817923487509  -1.982849351330  -1.687351890021  -1.673805837511  -1.748984225958  -1.913290411603  -2.024531203336  -2.096600412984  -2.144901694810  -2.167606053189  -2.180390594889  -2.185491572889  -2.183615613381  -2.175462307010  -2.161710356319  -2.041311553065  -1.881095426490  -1.711893112168  -1.549192809605  -1.401433109521  -1.273624536970  -1.166490467625  -1.079691684614  -1.012856587596  -0.965893711969
          1        4.000  -5.650000000000   0.140000000000  -6.891607023216  -6.943535440803  -6.803804278135  -6.508646393643  -5.985757259251  -4.899721681089  -3.820210707831  -2.918986353901  -2.300477977425  -1.972158463774  -1.854811528256  -1.905666053218  -2.007929592264  -2.084819565134  -2.137056912308  -2.161360983416  -2.174972378640  -2.180629445698  -2.179251899180  -2.171596691127  -2.158420011104  -2.039866434098  -1.880800028332  -1.712154368979  -1.549673058380  -1.401969074775  -1.274174498028  -1.167026385773  -1.080212942966  -1.013371088815  -0.966406756841
          1        5.000  -0.650000000000   0.390000000000  -5.476559728722  -5.612734342502  -5.630482475073  -5.542101931004  -5.308241762978  -4.725612210052  -4.045593459485  -3.371976105847  -2.793253756411  -2.366270370180  -2.104009542891  -1.957640034238  -2.004617045984  -2.074429867476  -2.128746880707  -2.154680424290  -2.169335494693  -2.175698520636  -2.174886261568  -2.167780479354  -2.155209010162  -2.038534342842  -1.880515433219  -1.712383395358  -1.550135786463  -1.402503698243  -1.274723740896  -1.167562308494  -1.080734434064  -1.013885761107  -0.966919914612
          1        6.000   2.000000000000   0.390000000000  -4.424883327287  -4.650759120472  -4.769601852573  -4.793240877600  -4.710822145583  -4.405617590016  -3.981439611724  -3.507900972612  -3.048376302525  -2.653868973965  -2.356149685246  -2.064746942639  -2.027223498121  -2.071130172470  -2.121499271948  -2.147957241640  -2.163515313571  -2.170664433530  -2.170498680278  -2.163990295071  -2.152030775408  -2.037267318381  -1.880232744366  -1.712588772473  -1.550584686127  -1.403036630125  -1.275272262572  -1.168098222976  -1.081256150387  -1.014400604492  -0.967433188183
          1        7.000   6.850000000000   0.000000000000   6.837668472246  -0.770772947335  -2.455857835689  -3.330577323520  -3.777071263469  -3.941543910217  -3.778304142811  -3.483484537064  -3.146499099300  -2.821230691772  -2.543162661546  -2.189420021296  -2.074594716424  -2.079526167879  -2.117651323787  -2.142118497645  -2.157793059263  -2.165577506019  -2.166078073359  -2.160200240765  -2.148857098550  -2.036033257860  -1.879946603343  -1.712776564725  -1.551022542298  -1.403567642499  -1.275820060385  -1.168634117033  -1.081778082206  -1.014915617036  -0.967946579001
          1        8.000   6.150000000000   0.000000000000   6.147947847463   2.873641290001  -0.095465659211  -1.120351763633  -1.900394358608  -2.749224633910  -3.120299247271  -3.182413399522  -3.065511072326  -2.866151227826  -2.650226920518  -2.301802032394  -2.136026766168  -2.100104639055  -2.119100235683  -2.138349986874  -2.152708232279  -2.160620416617  -2.161661825807  -2.156401026791  -2.145670026872  -2.034811268831  -1.879653705557  -1.712950674463  -1.551451228777  -1.404096548809  -1.276367115119  -1.169169978387  -1.082300223399  -1.015430799415  -0.968460090233
          1        9.000   2.300000000000   0.000000000000   2.299931445362   1.550703813625   0.419139672167  -0.462923633119  -1.118073269175  -1.963895237652  -2.475681775919  -2.734038673251  -2.807874217295  -2.760917371561  -2.648538622767  -2.377800598814  -2.197857481496  -2.129490731406  -2.126409912988  -2.137632126874  -2.148937794261  -2.156120211707  -2.157367843410  -2.152617837896  -2.142462922685  -2.033586848255  -1.879351767980  -1.713113642653  -1.551872028241  -1.404623170630  -1.276913390589  -1.169705793511  -1.082822571045  -1.015946155066  -0.968973727083
          1       10.000  -5.300000000000   0.180000000000  -0.450003630435  -0.003787746904  -0.004342197954  -0.344590485776  -0.822767640618  -1.540898495184  -2.046523261190  -2.368059071064  -2.538335835452  -2.593575267421  -2.570226396956  -2.406339474527  -2.247046324637  -2.161535107325  -2.138241267865  -2.140083203517  -2.146912087984  -2.152404799319  -2.153365694664  -2.148914709157  -2.139248026216  -2.032350835483  -1.879039856584  -1.713267688904  -1.552286268987  -1.405147505931  -1.277458895354  -1.170241551953  -1.083345110284  -1.016461677071  -0.969487487101
          1       11.000 -13.500000000000   0.190000000000  -1.995583196486  -0.574959850653  -0.046681284388  -0.337447049999  -0.712872003842  -1.315854410994  -1.776702586710  -2.104342029336  -2.313970035195  -2.425682890790  -2.462322750300  -2.394868711028  -2.275808221407  -2.189876605568  -2.152377914874  -2.145285814617  -2.146859833973  -2.149786954288  -2.149868629837  -2.145396570042  -2.136059722739  -2.031096621746  -1.878716684900  -1.713413673090  -1.552694467522  -1.405669395433  -1.278003574325  -1.170777238480  -1.083867841746  -1.016977371856  -0.970001377672
          1       12.000 -18.750000000000   0.190000000000  -4.891648975997  -3.205637612021  -1.959658150677  -1.215025753789  -0.967516016371  -1.225312332253  -1.604242483461  -1.914633888175  -2.136851665247  -2.278286103525  -2.352813553940  -2.360102534831  -2.285256741884  -2.210417184086  -2.166078834988  -2.152044205864  -2.148494524506  -2.148349782365  -2.147026712492  -2.142171647721  -2.132952653129  -2.029821170961  -1.878381863910  -1.713552539424  -1.553097321030  -1.406188841958  -1.278547419734  -1.171312841444  -1.084390754419  -1.017493235512  -0.970515398417
          1       13.000 -18.900000000000   0.210000000000  -5.716561946273  -4.824333311541  -3.995416204042  -3.281637250292  -2.618429445559  -1.921908325950  -1.760726198120  -1.863721541618  -2.024784455076  -2.161797673176  -2.253863120498  -2.314066130834  -2.279773426997  -2.221992389244  -2.177351959001  -2.159078010419  -2.151268921705  -2.147991220827  -2.144908942692  -2.139331347395  -2.129992256027  -2.028523493132  -1.878034934507  -1.713684746892  -1.553495236688  -1.406705811257  -1.279090406433  -1.171848347680  -1.084913841500  -1.018009267718  -0.971029551580
          1       14.000 -13.350000000000   0.270000000000  -5.712869554054  -5.162177635075  -4.618412155044  -4.113595794456  -3.570385662201  -2.799564528888  -2.322869121764  -2.115264259902  -2.083730356973  -2.130482832747  -2.192270512329  -2.267785437513  -2.264580319758  -2.225427007239  -2.185196011589  -2.165330775491  -2.154523398657  -2.148445030605  -2.143476798311  -2.136922924503  -2.127240066744  -2.027204865278  -1.877675606975  -1.713810585854  -1.553888534789  -1.407220291588  -1.279632513830  -1.172383744397  -1.085437095333  -1.018525467216  -0.971543838608
          1       15.000 -12.150000000000   0.320000000000  -5.511547816930  -5.174180792776  -4.813854837379  -4.452260671228  -4.026000525058  -3.347441254846  -2.823552736930  -2.476537360662  -2.288742194696  -2.214654279786  -2.203516665815  -2.238274870103  -2.246548896402  -2.222812309339  -2.189471832747  -2.170137815554  -2.157664651524  -2.149373646438  -2.142608383241  -2.134943876430  -2.124741681069  -2.025868444242  -1.877303655412  -1.713930193303  -1.554277439854  -1.407732272208  -1.280173719728  -1.172919018499  -1.085960508723  -1.019041833070  -0.972058261141
          1       16.000  -5.000000000000   0.390000000000  -4.853909576815  -4.770603213293  -4.616585196967  -4.417331135041  -4.135824028597  -3.620470224090  -3.155912637723  -2.785361533527  -2.524430446393  -2.364211556184  -2.280153016805  -2.238752845217  -2.234238539426  -2.217592890499  -2.190842594979  -2.173275766368  -2.160266116282  -2.150446404368  -2.142133571103  -2.133346985446  -2.122518416427  -2.024518980981  -1.876918952131  -1.714043615379  -1.554662114652  -1.408241747286  -1.280714002530  -1.173454156814  -1.086484074480  -1.019558364252  -0.972572820687
          1       17.000  -1.000000000000   0.620000000000  -4.221615474507  -4.247055947328  -4.214784822959  -4.134518721162  -3.983335772236  -3.653201962514  -3.304786810989  -2.983034062873  -2.717422571006  -2.520108712429  -2.387969773917  -2.268798910765  -2.233889395222  -2.213821144931  -2.190691126273  -2.174991071095  -2.162135301909  -2.151404859027  -2.141874734053  -2.132055314156  -2.120565608373  -2.023162334725  -1.876521482993  -1.714150838632  -1.555042675399  -1.408748714288  -1.281253341310  -1.173989146112  -1.087007785416  -1.020075059639  -0.973087518625
          1       18.000   2.050000000000   0.000000000000   2.042921469299  -1.845398136055  -3.017675760153  -3.500625252174  -3.634328859340  -3.535687223481  -3.316370752225  -3.070817574298  -2.839520678039  -2.644061027838  -2.493287660438  -2.317810791096  -2.246784227541  -2.214599407966  -2.190690691026  -2.175919410585  -2.163344162250  -2.152113136479  -2.141684706189  -2.130980348124  -2.118855024563  -2.021804847543  -1.876111468703  -1.714251865239  -1.555419236403  -1.409253193838  -1.281791724104  -1.174523974602  -1.087531633240  -1.020591916660  -0.973602355026
          1       19.000   4.800000000000   0.000000000000   4.797365443200   1.186021824863  -0.756111221656  -1.528176149969  -2.128889485277  -2.737834408312  -2.962562319204  -2.963403891736  -2.854880796763  -2.711057379833  -2.573128231776  -2.372521495100  -2.270094789681  -2.221202676993  -2.192227270930  -2.176838995231  -2.164166324142  -2.152569958536  -2.141475959103  -2.130045063366  -2.117346855662  -2.020452636820  -1.875689228942  -1.714346662555  -1.555791873864  -1.409755201360  -1.282329137748  -1.175058630449  -1.088055610213  -1.021108933105  -0.974117330157
          1       20.000   4.300000000000   0.000000000000   4.298670037455   2.154607469900   0.053405538135  -0.713576693033  -1.309151480210  -2.037096445902  -2.453144002909  -2.650595060399  -2.701712190605  -2.665958382893  -2.588988407061  -2.416305030203  -2.298252532930  -2.233190791588  -2.196146588250  -2.178476405025  -2.164985134030  -2.152885552865  -2.141227719506  -2.129198661646  -2.116002934937  -2.019111758851  -1.875254822678  -1.714434970773  -1.556160510698  -1.410254667966  -1.282865535587  -1.175593095284  -1.088579712698  -1.021626112095  -0.974632448983
          1       21.000   1.650000000000   0.000000000000   1.593732731324   1.092999484023   0.290482986055  -0.367761624268  -0.890494369244  -1.595078418578  -2.060680976949  -2.345602885231  -2.494423848087  -2.546859461810  -2.537569626425  -2.431931061829  -2.322318593427  -2.247907980037  -2.202360090554  -2.181255022936  -2.166177077719  -2.153249241576  -2.140985498590  -2.128419328064  -2.114784400023  -2.017787216116  -1.874808896241  -1.714516752510  -1.556525193990  -1.410751613527  -1.283400906321  -1.176127356885  -1.089103932383  -1.022143450932  -0.975147711368
          1       22.000  -5.100000000000   0.120000000000  -1.198473506156  -0.408882785500  -0.004162321669  -0.294406139091  -0.701635861590  -1.323822041299  -1.780227803128  -2.096390912756  -2.297100446984  -2.407403316202  -2.451484014290  -2.419024856043  -2.335448659232  -2.261529358620  -2.209847227452  -2.185115275776  -2.167944485461  -2.153833781803  -2.140827651010  -2.127714836107  -2.113665007400  -2.016482255562  -1.874352468171  -1.714592150560  -1.556886058909  -1.411246122169  -1.283935267039  -1.176661409341  -1.089628258522  -1.022660942861  -0.975663113314
          1       23.000 -11.800000000000   0.150000000000  -2.245919134507  -1.074696353246  -0.336412264927  -0.323320598672  -0.627937092870  -1.165361684944  -1.589499807641  -1.906711483921  -2.129608432582  -2.273296555791  -2.353992722493  -2.384690946616  -2.334916284909  -2.270536495246  -2.217080997967  -2.189623770060  -2.170314944545  -2.154768403380  -2.140846773493  -2.127121149242  -2.112643032372  -2.015201156066  -1.873885736534  -1.714660732468  -1.557242881394  -1.411738054436  -1.284468542142  -1.177195227023  -1.090152689768  -1.023178594978  -0.976178663510
          1       24.000 -16.350000000000   0.160000000000  -4.744864182113  -3.324126991472  -2.244794901575  -1.535418605827  -1.162534159468  -1.188784253201  -1.482263645367  -1.768404544112  -1.993561934936  -2.154292343180  -2.258631084947  -2.338758363343  -2.322897404414  -2.273443064104  -2.222607539484  -2.194012386097  -2.173030969947  -2.156039885694  -2.141090230628  -2.126669730293  -2.111721904991  -2.013945658620  -1.873409877754  -1.714722644019  -1.557595764229  -1.412227483463  -1.285000745573  -1.177728803107  -1.090677215678  -1.023696400946  -0.976694358286
          1       25.000 -19.100000000000   0.190000000000  -7.260249929970  -5.785609092152  -4.571013075126  -3.626220986826  -2.813200988796  -1.970280428464  -1.719443972014  -1.775037757873  -1.921189317019  -2.064034754153  -2.174362642749  -2.288079859866  -2.302454444429  -2.270256887629  -2.225560436336  -2.197582563444  -2.175726659101  -2.157529482124  -2.141551332848  -2.126379328844  -2.110913782562  -2.012717682740  -1.872925810010  -1.714777859131  -1.557944690167  -1.412714408382  -1.285531861425  -1.178262124552  -1.091201828997  -1.024214358941  -0.977210198050
          1       26.000 -14.300000000000   0.250000000000  -6.403073103476  -5.826624551978  -5.236034734633  -4.664593828283  -4.020248948437  -3.059848092243  -2.421663343707  -2.109475962318  -2.028445203002  -2.061683093352  -2.129283082902  -2.241330951372  -2.277174875195  -2.261914443472  -2.225645455397  -2.199836041530  -2.178027085616  -2.159048153230  -2.142167255932  -2.126243195034  -2.110228023104  -2.011518964405  -1.872434488854  -1.714826373774  -1.558289638114  -1.413198827454  -1.286061874236  -1.178795178394  -1.091726522455  -1.024732467053  -0.977726183095
          1       27.000 -11.950000000000   0.320000000000  -6.018033266670  -5.686749540525  -5.310157228619  -4.917613772806  -4.439270064087  -3.652071738903  -3.014121301677  -2.566352378893  -2.306098270694  -2.191741276889  -2.166168768939  -2.215615640911  -2.252930552807  -2.250249189065  -2.223071168864  -2.200530493671  -2.179631612544  -2.160388956084  -2.142836516745  -2.126227881162  -2.109664225263  -2.010351172453  -1.871936892279  -1.714868207234  -1.558630584422  -1.413680738048  -1.286590768952  -1.179327951756  -1.092251288773  -1.025250723295  -0.978242313599
          1       28.000  -6.300000000000   0.420000000000  -5.321698932300  -5.209510055058  -5.032039555415  -4.809407815826  -4.495216794025  -3.912853009070  -3.372726727699  -2.926195967010  -2.599069143691  -2.390235035928  -2.277454124443  -2.226101882883  -2.238297025634  -2.238508503541  -2.218651555539  -2.199729451864  -2.180368570923  -2.161372412587  -2.143443142495  -2.126279563397  -2.109208869259  -2.009215887048  -1.871434010113  -1.714903402660  -1.558967504009  -1.414160136640  -1.287118530884  -1.179860431850  -1.092776120666  -1.025769125596  -0.978758589633
          1       29.000  -0.700000000000   0.720000000000  -4.647783749793  -4.658108474803  -4.607004815106  -4.505020769394  -4.323845704509  -3.936500800659  -3.528248710618  -3.146954038270  -2.826365554706  -2.583326686638  -2.418052772114  -2.271035180095  -2.239691489822  -2.230774341057  -2.213881960370  -2.197881291532  -2.180251780821  -2.161887485716  -2.143881958882  -2.126334704367  -2.108835880818  -2.008114462092  -1.870926836096  -1.714932027065  -1.559300371336  -1.414637018854  -1.287645145666  -1.180392605983  -1.093301010835  -1.026287671805  -0.979275011156
          1       30.000   2.450000000000   0.000000000000   2.441913759133  -2.057913846216  -3.349931759344  -3.845110150399  -3.956100164030  -3.809265277523  -3.541245660850  -3.246953857634  -2.969340623681  -2.733001203299  -2.549388346101  -2.336390389542  -2.257617853187  -2.230085070715  -2.210532193905  -2.195778696312  -2.179521053109  -2.161933291758  -2.144086638105  -2.126334197421  -2.108510464317  -2.007047556809  -1.870416378290  -1.714954219485  -1.559629192556  -1.415111398782  -1.288170608180  -1.180924464082  -1.093825951642  -1.026806358633  -0.979791576913
          1       31.000   5.150000000000   0.000000000000   5.147220093234   1.309628524270  -0.784053110959  -1.612398132692  -2.256277619649  -2.903895300497  -3.134384118593  -3.120268876713  -2.985851792469  -2.812536025427  -2.646765205481  -2.406233953715  -2.287992780323  -2.237446128110  -2.210049265982  -2.194333614448  -2.178591774089  -2.161625361072  -2.144045977387  -2.126236179212  -2.108196450828  -2.006015706490  -1.869903583729  -1.714970050363  -1.559953918082  -1.415583254583  -1.288694897379  -1.181455991754  -1.094350936177  -1.027325184695  -0.980308287576
          1       32.000   4.900000000000   0.000000000000   4.898511980659   2.554067338148   0.317533624204  -0.688947074328  -1.333998755178  -2.116509212750  -2.560811493080  -2.767260783697  -2.813433392573  -2.763883729542  -2.669006797582  -2.461713907863  -2.323598767583  -2.251618966970  -2.213076788860  -2.194296867607  -2.177953607845  -2.161184223180  -2.143818311475  -2.126029673425  -2.107863201766  -2.005018237038  -1.869389407226  -1.714979699745  -1.560274557479  -1.416052599114  -1.289218008884  -1.181987179359  -1.094875956927  -1.027844146594  -0.980825141687
          1       33.000   1.050000000000   0.000000000000   1.067030665972   0.882890997915   0.295893291717  -0.330712292918  -0.883327187213  -1.631916413615  -2.126597210751  -2.427523429203  -2.581441373124  -2.630657493744  -2.612651569792  -2.482892243302  -2.353902600820  -2.269338506041  -2.219391625487  -2.196110127902  -2.178057605638  -2.160882035504  -2.143516620191  -2.125736173929  -2.107492139378  -2.004054878148  -1.868874754327  -1.714983159678  -1.560590980421  -1.416519357389  -1.289739897191  -1.182518005094  -1.095401007348  -1.028363245469  -0.981342142643
          1       34.000  -6.300000000000   0.150000000000  -1.068737731656  -0.308926092420  -0.004101615214  -0.275654472905  -0.695757994167  -1.344927980369  -1.823406852824  -2.155015995693  -2.364222655983  -2.476731095954  -2.518013631714  -2.470854370860  -2.371085259816  -2.285842260881  -2.227550906737  -2.199564657903  -2.179099661549  -2.160943857167  -2.143280992857  -2.125411497399  -2.107085436994  -2.003122341729  -1.868360477411  -1.714980886665  -1.560903369065  -1.416983643704  -1.290260607122  -1.183048474276  -1.095926079029  -1.028882472462  -0.981859283003
          1       35.000 -13.700000000000   0.160000000000  -2.626579810058  -1.268808519116  -0.382701392386  -0.315932838178  -0.626288563110  -1.181703823772  -1.622019928115  -1.951891025704  -2.183192160226  -2.330964691454  -2.411874643024  -2.434476115422  -2.372291870359  -2.296990677182  -2.235666490831  -2.204085142582  -2.181091872814  -2.161536399539  -2.143250167015  -2.125126476353  -2.106660425934  -2.002220388447  -1.867847424288  -1.714972721857  -1.561211460257  -1.417445296990  -1.290780052325  -1.183578552370  -1.096451165732  -1.029401832816  -0.982376570712
          1       36.000 -16.800000000000   0.190000000000  -5.099305219629  -3.653143480790  -2.526402631750  -1.756347362487  -1.305453587024  -1.243126888727  -1.518453983361  -1.807617164740  -2.038575410581  -2.203404231094  -2.309249224870  -2.385395150381  -2.360394081536  -2.301139407703  -2.241975613177  -2.208693441203  -2.183684616521  -2.162635876719  -2.143498970896  -2.124948488953  -2.106250799618  -2.001346028429  -1.867336303908  -1.714959047947  -1.561515369776  -1.417904385636  -1.291298256382  -1.184108238411  -1.096976259470  -1.029921319890  -0.982894000689
