   1.0000000000000000     
  -16.800000000000001     
  -16.799884657010296     
  -16.799769314043505     
  -16.799653971122545     
  -16.799538628270330     
  -16.799423285509775     
  -16.799365614172459     
  -16.799307942866651     
  -16.799250271595220     
  -16.799192600361025     
  -16.799134929166936     
  -16.799077258015807     
  -16.799019586910507     
  -16.798961915853901     
  -7.1871277409958338     
  -6.9201807591741389     
  -6.6553249538334995     
  -6.3969493448556900     
  -6.1452921488186938     
  -5.9005873108180493     
  -5.6630639668916345     
  -5.4329458349478053     
  -5.2104505203224951     
  -4.9957887205814462     
  -4.7891633129541713     
  -4.5907683070596184     
  -4.4007876456517501     
  -4.2193938373418272     
  -4.0467464080767312     
  -3.8829901630510912     
  -3.7282532581928072     
  -3.5826450908081586     
  -3.4462540326541240     
  -3.3191450455632920     
  -3.2013572392571010     
  -2.9549835673656597     
  -2.7336947066369914     
  -2.5385474782861506     
  -2.3692742578537747     
  -2.2252543055323546     
  -2.1054880506331468     
  -2.0085997000113491     
  -1.9328738875192493     
  -1.8763251205473939     
  -1.8367911892738427     
  -1.8120364926230583     
  -1.7998503492956941     
  -1.7981286126256146     
  -1.8049323792592875     
  -1.8185229882016722     
  -1.8373763428159986     
  -1.8601814515576138     
  -1.8858283458904417     
  -1.9133898438779147     
  -1.9421005618605500     
  -1.9713355081613235     
  -2.0005897027646218     
  -2.0294596058610499     
  -2.0576266879576965     
  -2.0848431908679150     
  -2.1109199655539679     
  -2.1357161899794388     
  -2.1591307381071072     
  -2.1810949692010353     
  -2.2015667209633989     
  -2.2205253121460435     
  -2.2926395372957078     
  -2.3315088734537048     
  -2.3444838574136631     
  -2.3391054513827121     
  -2.3219976237972535     
  -2.2984052387319047     
  -2.2720921827447973     
  -2.2454678355160977     
  -2.2198529435177115     
  -2.2125376855668710     
  -2.1989186887332064     
  -2.1864191468826508     
  -2.1748770451408812     
  -2.1640938774741190     
  -2.1538709632234796     
  -2.1440295872699155     
  -2.1344194844661502     
  -2.1249197587668949     
  -2.1154355222155763     
  -2.1058926446303352     
  -2.0564126300362604     
  -2.0004976272673343     
  -1.9370044041828691     
  -1.8668277567075759     
  -1.7920300280264547     
  -1.7149400825620358     
  -1.6376436896801323     
  -1.5618150928518446     
  -1.4183609014641232     
  -1.2918152065593935     
  -1.1846375204981623     
  -1.0975013529090665     
  -1.0304409309337967     
 -0.98341157206922081     
