          1        1.000 -16.450000000000   0.020000000000  -1.317774700000  -0.373419050000  -0.004703416000  -0.206871440000  -0.417359950000  -0.616789700000  -0.851183400000  -1.246519100000  -1.535033800000  -1.736305000000  -1.872313600000  -2.016713000000  -2.082007400000  -2.117015100000  -2.136330400000  -2.141973300000  -2.141057300000  -2.135918000000  -2.127276200000  -2.115809700000  -2.102095000000  -2.011066400000  -1.902517900000  -1.787698100000  -1.673559300000  -1.564797800000  -1.465302800000  -1.377160100000  -1.302029100000  -1.241392400000  -1.196365100000
          1        2.000 -14.150000000000   0.020000000000 -13.553791933440 -10.522890312663  -7.628694499449  -5.182195805557  -3.355179352995  -2.180797464122  -1.476005067378  -1.262554339071  -1.462356978229  -1.662504957724  -1.811786768822  -1.985462328836  -2.068655739728  -2.110246885589  -2.131565742562  -2.137968394666  -2.137723554041  -2.133218001108  -2.125097639182  -2.114009860039  -2.100399617634  -2.010196290470  -1.902207719217  -1.787731859702  -1.673749531588  -1.565049527377  -1.465609066844  -1.377509004893  -1.302415354493  -1.241806062796  -1.196788983605
          1        3.000 -10.900000000000   0.070000000000 -10.720290647799  -9.641428033249  -8.307833448400  -6.904121112687  -5.581186856800  -4.448322159354  -3.370078700898  -2.124067668163  -1.685690515667  -1.674163094156  -1.775155430724  -1.957145886246  -2.054346940963  -2.103066914157  -2.127246661176  -2.134593887830  -2.134777591844  -2.130706276588  -2.123003854650  -2.112238171790  -2.098894515087  -2.009459721022  -1.901943870285  -1.787758583022  -1.673930401277  -1.565300926978  -1.465915019282  -1.377857771111  -1.302801353052  -1.242219283444  -1.197212342668
          1        4.000  -6.800000000000   0.160000000000  -7.506607780268  -7.458681227076  -7.119761330670  -6.573116511041  -5.908915077639  -5.211761073825  -4.387779041976  -3.128673145865  -2.307554885470  -1.929270528007  -1.836369886083  -1.938421845787  -2.038881617191  -2.094592261106  -2.122430759968  -2.131033959077  -2.131790473438  -2.128170543876  -2.120863026372  -2.110445556214  -2.097435925533  -2.008805921591  -1.901708086404  -1.787779482725  -1.674103976729  -1.565551794032  -1.466220660237  -1.378206391877  -1.303187095384  -1.242632067342  -1.197635184685
          1        5.000  -1.600000000000   0.510000000000  -6.088484153686  -6.164856324864  -6.081914108926  -5.863027568335  -5.539540609311  -5.146749817460  -4.608707783681  -3.650028266181  -2.853478601583  -2.314481800479  -2.033055110533  -1.954604846050  -2.027513653679  -2.085528378236  -2.117083527647  -2.127230694129  -2.128693677507  -2.125583660235  -2.118691525366  -2.108642873154  -2.095983818806  -2.008201949596  -1.901488988022  -1.787795613716  -1.674271750047  -1.565801979015  -1.466525985872  -1.378554859901  -1.303572579587  -1.243044417051  -1.198057513783
          1        6.000   1.050000000000   0.710000000000  -5.271900890388  -5.385321791337  -5.392055201547  -5.302119354805  -5.129959394513  -4.893117789884  -4.534374315814  -3.833585133313  -3.172393699553  -2.638507359936  -2.276889211676  -2.017584921809  -2.028647397530  -2.077990441547  -2.111499479566  -2.123188473856  -2.125449805146  -2.122920394597  -2.116482423300  -2.106823065799  -2.094519958456  -2.007625722452  -1.901279288229  -1.787807850406  -1.674434838304  -1.566051373680  -1.466830989069  -1.378903168070  -1.303957803736  -1.243456335054  -1.198479334006
          1        7.000   6.050000000000   0.000000000000   6.040883385452  -2.063745014568  -3.863206209494  -4.489171146040  -4.628747372808  -4.565080020168  -4.353987861139  -3.856143679123  -3.330974398981  -2.858368699066  -2.489507826753  -2.112747476175  -2.047356072423  -2.074990671158  -2.106446463834  -2.119072035342  -2.122077797750  -2.120167681177  -2.114222902454  -2.104975106009  -2.093033785830  -2.007062356985  -1.901074286437  -1.787816893862  -1.674594099027  -1.566299906306  -1.467135662724  -1.379251310487  -1.304342767580  -1.243867826495  -1.198900652528
          1        8.000   5.450000000000   0.000000000000   5.448287912309   2.080404185350  -0.519534318973  -1.734499033076  -2.594481048830  -3.140186049071  -3.462551875171  -3.549312584312  -3.313398192246  -2.971429350649  -2.644809003614  -2.217695406220  -2.082388925715  -2.078878088970  -2.102990536927  -2.115235155760  -2.118687649797  -2.117344822144  -2.111907267000  -2.103089387533  -2.091517730580  -2.006501950183  -1.900870974439  -1.787823260181  -1.674750164737  -1.566547527444  -1.467439998137  -1.379599281221  -1.304727470518  -1.244278895782  -1.199321475636
          1        9.000   1.450000000000   0.000000000000   1.450129022763   0.912147562838  -0.010573056348  -0.829819630618  -1.511203767348  -2.041264161940  -2.497951604842  -2.943332412130  -3.029542560306  -2.908523693595  -2.701777995072  -2.310663073229  -2.128168880230  -2.090527442389  -2.102190655781  -2.112181163992  -2.115498461113  -2.114524200000  -2.109549287860  -2.101161932112  -2.089965325390  -2.005937566417  -1.900667331191  -1.787827261699  -1.674903441051  -1.566794176246  -1.467743975620  -1.379947069150  -1.305111904325  -1.244689535152  -1.199741795379
          1       10.000  -6.350000000000   0.300000000000  -0.235175576663  -0.000058238468  -0.158647242623  -0.643161465011  -1.109278710112  -1.516893695448  -1.931716645692  -2.454130110456  -2.697427960512  -2.738886095152  -2.658081632690  -2.370803903533  -2.175573767362  -2.108447274102  -2.104470053360  -2.110331489507  -2.112771164409  -2.111828592959  -2.107193972409  -2.099203886379  -2.088376163399  -2.005364770021  -1.900462040428  -1.787829234995  -1.675054378772  -1.567039864268  -1.468047597328  -1.380294674539  -1.305496077277  -1.245099762999  -1.200161634400
          1       11.000 -14.450000000000   0.300000000000  -1.236371153902  -0.181609458199  -0.233548997554  -0.598191940786  -0.951767547999  -1.274172809577  -1.627674982983  -2.127506121764  -2.423346308959  -2.552412845737  -2.561377841603  -2.391018684082  -2.215155922895  -2.129833661555  -2.109779476654  -2.110013301246  -2.110783285054  -2.109419785949  -2.104915162942  -2.097240814484  -2.086753822865  -2.004780094964  -1.900254106476  -1.787829288327  -1.675203178656  -1.567284548122  -1.468350841720  -1.380642085568  -1.305879980188  -1.245509570018  -1.200580982962
          1       12.000 -19.400000000000   0.310000000000  -2.766705926194  -1.895959488302  -1.365140717976  -1.139233163861  -1.138627438341  -1.264930006261  -1.496824431248  -1.917663647894  -2.217372830534  -2.387759223810  -2.452258796745  -2.380118121717  -2.240960883815  -2.150745996792  -2.117295709707  -2.111287200331  -2.109748747964  -2.107474833957  -2.102816172017  -2.095319491119  -2.085112194104  -2.004180803429  -1.900042689991  -1.787827469595  -1.675349994244  -1.567528186312  -1.468653684708  -1.380989288963  -1.306263602715  -1.245918945670  -1.200999830025
          1       13.000 -19.450000000000   0.330000000000  -4.163816867680  -3.279547774656  -2.598671975034  -2.120738533212  -1.829892635536  -1.695888562073  -1.687802954559  -1.866715431834  -2.090390560843  -2.258360080203  -2.350418113719  -2.351487331957  -2.253162765436  -2.168139636155  -2.125640858053  -2.113802675641  -2.109664455948  -2.106091554273  -2.100987203054  -2.093495246184  -2.083476724924  -2.003565969923  -1.899827332441  -1.787823883324  -1.675495043020  -1.567770804761  -1.468956126373  -1.381336283818  -1.306646951171  -1.246327904991  -1.201418194278
          1       14.000 -14.000000000000   0.410000000000  -4.509747353039  -3.932296537037  -3.378999261884  -2.904247342424  -2.534667640638  -2.277634949782  -2.097510823484  -2.005397189070  -2.078117998324  -2.187821658415  -2.272363487966  -2.315397036476  -2.254261275844  -2.180549213318  -2.133601827485  -2.117075516218  -2.110397941364  -2.105298186105  -2.099495243534  -2.091822544494  -2.081879248442  -2.002935119275  -1.899607591039  -1.787818537954  -1.675638439624  -1.568012401613  -1.469258155414  -1.381683063197  -1.307030023469  -1.246736449900  -1.201836079128
          1       15.000 -13.000000000000   0.460000000000  -4.440095666050  -4.023213199233  -3.629584900965  -3.272186943309  -2.963803423322  -2.714460238948  -2.486878953539  -2.241632813972  -2.169217247915  -2.188910982901  -2.233818951327  -2.281656918152  -2.247947999969  -2.187813055225  -2.140315000496  -2.120587956994  -2.111712943951  -2.105042257140  -2.098366975041  -2.090344064469  -2.080354267559  -2.002288626950  -1.899383092815  -1.787811414648  -1.675780270427  -1.568252977406  -1.469559760926  -1.382029620183  -1.307412817498  -1.247144582252  -1.202253487902
          1       16.000  -6.200000000000   0.530000000000  -4.131151827963  -3.940945040829  -3.702258776927  -3.448694532937  -3.205080707774  -2.988226109228  -2.764366966469  -2.466443537604  -2.305557302263  -2.244931164045  -2.237730890689  -2.258550007160  -2.238515076701  -2.190750532653  -2.145355656518  -2.123904596667  -2.113336609899  -2.105211137926  -2.097586367518  -2.089083082791  -2.078933213705  -2.001627736747  -1.899153521797  -1.787802474505  -1.675920600121  -1.568492534316  -1.469860932433  -1.382375947884  -1.307795331126  -1.247552303837  -1.202670423852
          1       17.000  -2.050000000000   0.870000000000  -3.676835816896  -3.630769064868  -3.533861687264  -3.402652157676  -3.253572569504  -3.101183165976  -2.919950140835  -2.636866596552  -2.440049835206  -2.326440518973  -2.272960287203  -2.250123866354  -2.229998738875  -2.190823201857  -2.148718689612  -2.126738948267  -2.115019278114  -2.105663133829  -2.097103005314  -2.088041202954  -2.077639468509  -2.000954519592  -1.898918617711  -1.787791663971  -1.676059476644  -1.568731075583  -1.470161659903  -1.382722039443  -1.308177562196  -1.247959616377  -1.203086890152
          1       18.000   1.100000000000   1.010000000000  -3.348620324077  -3.366444139552  -3.340527694403  -3.280817553521  -3.197332857877  -3.099561119972  -2.967954631546  -2.735035326162  -2.543588258500  -2.407759991086  -2.323478796295  -2.255722772265  -2.225226299822  -2.189709429461  -2.150729535715  -2.128975926217  -2.116576159179  -2.106258554258  -2.096846509938  -2.087201059519  -2.076485425642  -2.000271749884  -1.898678181713  -1.787778919026  -1.676196934852  -1.568968605085  -1.470461933742  -1.383067888049  -1.308559508533  -1.248366521534  -1.203502889901
          1       19.000   4.050000000000   0.000000000000   4.042540697718  -1.884135169152  -2.795162831362  -3.029135997674  -3.064626049380  -3.031312905125  -2.950449874775  -2.775537939564  -2.609033641744  -2.473217199098  -2.374733259637  -2.271468437557  -2.225382565923  -2.188877115728  -2.151902339463  -2.130656262693  -2.117908096399  -2.106884304549  -2.096742088661  -2.086531933773  -2.075471621889  -1.999582714644  -1.898432103173  -1.787764175085  -1.676333003590  -1.569205130147  -1.470761746261  -1.383413487747  -1.308941168840  -1.248773022170  -1.203918427562
          1       20.000   3.600000000000   0.000000000000   3.598719037422   1.075454843230  -0.578802158151  -1.388582119486  -1.954988372796  -2.316431487631  -2.547914354146  -2.669443183071  -2.614464010904  -2.512597086388  -2.417230019614  -2.292400319722  -2.230157711906  -2.189281947424  -2.152774349480  -2.131928560074  -2.119000846755  -2.107469147044  -2.096724444785  -2.085996758350  -2.074587625317  -1.998890904379  -1.898180421129  -1.787747391285  -1.676467720400  -1.569440670569  -1.471061096272  -1.383758836002  -1.309322545466  -1.249179126086  -1.204333513197
          1       21.000   0.800000000000   0.000000000000   0.784414216579   0.425980157279  -0.200108144217  -0.787780245705  -1.274435179370  -1.654627839556  -1.993208394145  -2.352745680425  -2.478429419392  -2.479308243911  -2.429229745236  -2.312485559519  -2.238389893797  -2.191401317533  -2.153794915431  -2.132976320549  -2.119892602813  -2.107980642119  -2.096748267951  -2.085565016760  -2.073822456373  -1.998199809674  -1.897922982523  -1.787728422263  -1.676601050225  -1.569675197760  -1.471359959930  -1.384103917750  -1.309703626707  -1.249584821568  -1.204748134663
          1       22.000  -6.150000000000   0.250000000000  -0.487983242409  -0.001133098428  -0.215813619478  -0.613528380408  -0.983384572725  -1.303538781817  -1.632240606431  -2.060544926541  -2.289421420417  -2.382355763691  -2.394971592681  -2.322309606199  -2.247421329091  -2.195021698458  -2.155237514127  -2.133991905310  -2.120670589940  -2.108426817840  -2.096786136392  -2.085205477347  -2.073154353731  -1.997512649951  -1.897660107102  -1.787707272056  -1.676733046620  -1.569908751447  -1.471658346730  -1.384448736087  -1.310084420860  -1.249990124480  -1.205162311149
          1       23.000 -12.750000000000   0.280000000000  -1.810825293365  -1.003653541626  -0.669143876369  -0.705861397735  -0.905640719189  -1.141154186539  -1.424453131321  -1.846543796869  -2.116442194819  -2.265307893718  -2.329042113196  -2.315415756149  -2.253476711719  -2.199321666471  -2.157172105569  -2.135113425582  -2.121422003274  -2.108835683732  -2.096831647531  -2.084901713926  -2.072569635101  -1.996832648884  -1.897391758094  -1.787683767315  -1.676863648899  -1.570141290998  -1.471956227157  -1.384793272407  -1.310464912550  -1.250395018366  -1.205576025225
          1       24.000 -17.000000000000   0.280000000000  -3.909642753742  -2.835433051144  -2.085654655877  -1.627151244156  -1.408413728518  -1.362275511637  -1.448994288216  -1.730381137762  -1.983295308015  -2.155444659107  -2.252646604848  -2.293964155371  -2.253814053612  -2.202897448339  -2.159352442597  -2.136378146277  -2.122216109021  -2.109247474612  -2.096892235764  -2.084642726985  -2.072051882257  -1.996162300243  -1.897118311576  -1.787657873121  -1.676992873431  -1.570372834428  -1.472253600996  -1.385137524194  -1.310845103822  -1.250799510543  -1.205989286403
          1       25.000 -19.650000000000   0.330000000000  -4.823510939086  -3.954523081776  -3.231097563456  -2.659349940967  -2.243461802223  -1.977283164731  -1.819546458618  -1.801735500860  -1.934596569000  -2.077696405576  -2.182333084626  -2.263447786181  -2.247879263513  -2.204541515435  -2.161342503034  -2.137704387159  -2.123068380510  -2.109690371331  -2.096980666609  -2.084425680817  -2.071590205394  -1.995503555070  -1.896840163937  -1.787629547978  -1.677120723427  -1.570603391749  -1.472550464931  -1.385481487210  -1.311224994597  -1.251203605250  -1.206402100662
          1       26.000 -14.950000000000   0.400000000000  -5.110461067073  -4.483298155239  -3.883179960773  -3.353945976037  -2.918541219787  -2.586580434016  -2.306926435441  -2.045248370591  -2.005179448150  -2.062995238897  -2.138446004970  -2.231088104727  -2.236798320854  -2.203609409816  -2.162690205352  -2.138928552263  -2.123936886526  -2.110168111639  -2.097105473021  -2.084251242453  -2.071178338900  -1.994857976000  -1.896557726779  -1.787598742674  -1.677247189378  -1.570832964998  -1.472846812192  -1.385825155237  -1.311604582563  -1.251607303665  -1.206814470519
          1       27.000 -12.800000000000   0.480000000000  -4.882752056067  -4.473510581876  -4.064410255246  -3.674339468303  -3.321078854573  -3.018976433252  -2.719504458177  -2.342598971993  -2.163569482431  -2.118176528435  -2.136577603673  -2.205618784687  -2.223121486970  -2.200154412324  -2.163075772110  -2.139863803312  -2.124736859575  -2.110656081466  -2.097263816985  -2.084118718627  -2.070812630242  -1.994226755970  -1.896271453745  -1.787565419052  -1.677372259783  -1.571061555649  -1.473142636247  -1.386168522148  -1.311983865397  -1.252010606912  -1.207226398418
          1       28.000  -7.500000000000   0.590000000000  -4.511686783764  -4.307056142101  -4.055975315927  -3.785169364212  -3.516647635531  -3.267264601376  -2.994452494641  -2.598676416420  -2.347117302248  -2.220103837350  -2.176178295488  -2.194242020103  -2.210312816722  -2.194933372476  -2.162410473097  -2.140361898926  -2.125368829214  -2.111107531172  -2.097439057711  -2.084022576821  -2.070489985889  -1.993610794952  -1.895981827736  -1.787529551112  -1.677495921595  -1.571289164603  -1.473437930778  -1.386511581904  -1.312362840770  -1.252413516059  -1.207637886739
          1       29.000  -1.750000000000   1.030000000000  -4.063925054441  -3.997528984530  -3.877306028340  -3.720661425329  -3.544124293288  -3.362172639961  -3.141107927456  -2.781648583102  -2.510899383876  -2.336678386868  -2.242995093279  -2.199618966246  -2.201664644530  -2.189222448993  -2.160874498809  -2.140362596934  -2.125750723337  -2.111467233088  -2.097603466878  -2.083951067605  -2.070205895685  -1.993010758305  -1.895689349438  -1.787491125757  -1.677618160651  -1.571515792192  -1.473732689655  -1.386854328560  -1.312741506342  -1.252816032118  -1.208048937789
          1       30.000   1.500000000000   1.130000000000  -3.716909692111  -3.714819492802  -3.667541738180  -3.584735993996  -3.476394295768  -3.352192606826  -3.185702343529  -2.887652526033  -2.633402746818  -2.443539294791  -2.319433106100  -2.219663859259  -2.199251757208  -2.184440009915  -2.158874994976  -2.139917876528  -2.125845182250  -2.111688195705  -2.097724956091  -2.083887283927  -2.069953196341  -1.992427104007  -1.895394527442  -1.787450143165  -1.677738962079  -1.571741438185  -1.474026906914  -1.387196756262  -1.313119859767  -1.253218156049  -1.208459553811
          1       31.000   4.350000000000   0.000000000000   4.342109749097  -2.031992694084  -3.050858739084  -3.301385066382  -3.326857800094  -3.274523387069  -3.164665395474  -2.933613791091  -2.712378172746  -2.528083833855  -2.391464327490  -2.249414920545  -2.203513278150  -2.181737697041  -2.156931110666  -2.139182368883  -2.125674504383  -2.111746973845  -2.097775968490  -2.083812352162  -2.069721930048  -1.991860024092  -1.895097874203  -1.787406625111  -1.677858315500  -1.571966105039  -1.474320578554  -1.387538860328  -1.313497899736  -1.253619890039  -1.208869738392
          1       32.000   4.200000000000   0.000000000000   4.198507529408   1.357140828450  -0.575424878170  -1.458191197464  -2.072472495193  -2.461351901151  -2.702807464640  -2.810109115346  -2.721137516903  -2.580327732474  -2.450298546918  -2.283339080175  -2.213495882150  -2.181727666439  -2.155524934487  -2.138369301692  -2.125316237632  -2.111652214588  -2.097741915502  -2.083710056880  -2.069500595558  -1.991309308309  -1.894799896747  -1.787360631714  -1.677976226187  -1.572189804964  -1.474613706577  -1.387880639729  -1.313875628281  -1.254021240259  -1.209279499480
          1       33.000   0.200000000000   0.000000000000   0.247774722616   0.230936813304  -0.195002824417  -0.804221192690  -1.319579193208  -1.723503783315  -2.080519068144  -2.451186465604  -2.567150571163  -2.546338661941  -2.471058766393  -2.314623886578  -2.227503323839  -2.184599425015  -2.155052775606  -2.137709366320  -2.124881140447  -2.111437076653  -2.097620491727  -2.083568271597  -2.069277819260  -1.990775240194  -1.894501044689  -1.787312122807  -1.678092632867  -1.572412505152  -1.474906267875  -1.388222078381  -1.314253033018  -1.254422195203  -1.209688825550
          1       34.000  -7.350000000000   0.210000000000  -1.242469567545  -0.598080729383  -0.412713372204  -0.680993339190  -1.030797248315  -1.353498546770  -1.690375029121  -2.129096147308  -2.357634331230  -2.440566360960  -2.437542052868  -2.332681145171  -2.242247638625  -2.189772679114  -2.155656455894  -2.137386344328  -2.124496798084  -2.111164900284  -2.097431912252  -2.083385919957  -2.069044591900  -1.990256680533  -1.894201801209  -1.787261246366  -1.678207581363  -1.572634242983  -1.475198279532  -1.388563184428  -1.314630124456  -1.254822771203  -1.210097735683
          1       35.000 -14.700000000000   0.220000000000  -3.027854871481  -2.125589165663  -1.581606905735  -1.331014907803  -1.291408590130  -1.376856582516  -1.564622057728  -1.922473494807  -2.175971095777  -2.315482235901  -2.368424865972  -2.330416771921  -2.253206426683  -2.196100888095  -2.157320545469  -2.137543229823  -2.124286613958  -2.110906991000  -2.097204995502  -2.083167574343  -2.068794772798  -1.989753752884  -1.893902598222  -1.787207929138  -1.678320973596  -1.572854960000  -1.475489704064  -1.388903932954  -1.315006881981  -1.255222947016  -1.210506207748
          1       36.000 -17.450000000000   0.270000000000  -4.833166727253  -3.765624072318  -2.958453833909  -2.391570654592  -2.034936494873  -1.849685068238  -1.790245274623  -1.896239843524  -2.072268646574  -2.211974909746  -2.292283639705  -2.311686669424  -2.257407863832  -2.201798799457  -2.159624241183  -2.138163891814  -2.124321298319  -2.110731756709  -2.096980952391  -2.082929469222  -2.068528662268  -1.989265023556  -1.893603851765  -1.787152318753  -1.678432844403  -1.573074683984  -1.475780553663  -1.389244329228  -1.315383313224  -1.255622735378  -1.210914256855
