   1.0000000000000000     
  -17.449999999999999     
  -17.449932419934591     
  -17.449864839876483     
  -17.449797259832980     
  -17.449729679811377     
  -17.449662099818976     
  -17.449628309836463     
  -17.449594519863989     
  -17.449560729902469     
  -17.449526939952815     
  -17.449493150015936     
  -17.449459360092742     
  -17.449425570184150     
  -11.817776723213615     
  -6.2114777758751032     
  -5.9924796661360036     
  -5.7754421650770880     
  -5.5646525813419174     
  -5.3602365305406661     
  -5.1623063341756081     
  -4.9709606728871911     
  -4.7862842992137660     
  -4.6083478100845516     
  -4.4372074787616054     
  -4.2729051455526097     
  -4.1154681663531072     
  -3.9649094179594888     
  -3.8212273591303862     
  -3.6844061465626017     
  -3.5544158052761299     
  -3.4312124533466246     
  -3.3147385814451518     
  -3.2049233881934169     
  -3.1016831728548633     
  -3.0049217872855492     
  -2.9145311492857351     
  -2.8303918194468927     
  -2.7523736432112327     
  -2.6803364591014174     
  -2.6141308729128672     
  -2.5535990961004615     
  -2.4985758446854232     
  -2.4488892928474595     
  -2.4043620730793949     
  -2.3648123125219143     
  -2.2838256415592646     
  -2.2174666253989765     
  -2.1656416906426443     
  -2.1267840519717423     
  -2.0992932345566424     
  -2.0815859495629683     
  -2.0721396749758609     
  -2.0695265255734796     
  -2.0724366736495607     
  -2.0796919286811830     
  -2.0902509386149997     
  -2.1032078519830621     
  -2.1177862925195292     
  -2.1333302872112410     
  -2.1492934767597172     
  -2.1652276093399001     
  -2.1807710229886750     
  -2.1956375799780288     
  -2.2096063316521666     
  -2.2225120587222524     
  -2.2342367405321637     
  -2.2740081319876233     
  -2.2846064016905161     
  -2.2750544225574179     
  -2.2545637793355708     
  -2.2300006939685173     
  -2.2054362573937905     
  -2.1826619262856051     
  -2.1619882434778486     
  -2.1429585799458843     
  -2.1391120952811207     
  -2.1317379082963748     
  -2.1246069815690007     
  -2.1176148393579659     
  -2.1106830621616690     
  -2.1037561687553614     
  -2.0967967527394435     
  -2.0897803734808207     
  -2.0826910336442621     
  -2.0755175992130614     
  -2.0682512109859337     
  -2.0303990733086956     
  -1.9887894647270130     
  -1.9429239957132223     
  -1.8933059280111444     
  -1.8409817995816988     
  -1.7870944961564601     
  -1.7326654374115935     
  -1.6785431836911211     
  -1.5732934117624122     
  -1.4760708230555446     
  -1.3895843679876512     
  -1.3157594158266668     
  -1.2560221368951558     
  -1.2113218847922627     
