          1        1.000 -16.000000000000   0.020000000000  -0.958369730000  -0.249003290000  -0.003942151000  -0.109283835000  -0.332814000000  -0.706295600000  -1.002798000000  -1.235053400000  -1.415084100000  -1.554163300000  -1.662346100000  -1.815769000000  -1.923515800000  -2.006611800000  -2.072691000000  -2.107787000000  -2.131775000000  -2.147879800000  -2.157132400000  -2.160544400000  -2.159023500000  -2.097346500000  -1.987695000000  -1.858308100000  -1.725107600000  -1.597497500000  -1.482499200000  -1.382929700000  -1.300184500000  -1.235231900000  -1.188808400000
          1        2.000 -13.500000000000   0.020000000000 -13.000799208893 -10.463746463436  -7.992626748993  -5.823196280441  -3.782677998501  -1.590603189981  -1.078706138294  -1.189906639288  -1.360251621363  -1.505834972465  -1.622931159924  -1.792307980994  -1.909717371089  -1.996833093512  -2.064018558322  -2.099744665911  -2.125130306136  -2.142498830956  -2.152624555564  -2.156581356690  -2.154984251318  -2.094954887738  -1.986713809920  -1.858119390684  -1.725307326262  -1.597839821393  -1.482915531376  -1.383380933829  -1.300658663553  -1.235722819396  -1.189305838793
          1        3.000 -10.100000000000   0.060000000000  -9.984679164992  -9.279889462009  -8.377228841242  -7.380480713644  -6.140301305241  -4.130661181198  -2.625901758146  -1.789129954801  -1.515114161914  -1.517899998882  -1.599629400478  -1.770357476845  -1.895527594715  -1.987261091594  -2.057141005749  -2.093959341340  -2.119659893938  -2.137522665386  -2.148274162896  -2.152693155315  -2.151497534364  -2.092939986414  -1.985881505686  -1.857956436245  -1.725498216758  -1.598180165665  -1.483330799983  -1.383831847641  -1.301132674167  -1.236213485324  -1.189802953576
          1        4.000  -5.850000000000   0.140000000000  -6.957959405078  -6.989844362098  -6.826628276782  -6.505262835245  -5.948126711027  -4.802529902538  -3.672793520141  -2.738464661595  -2.109565309364  -1.790578846202  -1.689533747210  -1.763505590946  -1.881806273282  -1.976970199157  -2.049719268392  -2.087781475113  -2.114180897085  -2.132588318147  -2.143871452120  -2.148809660655  -2.148184320464  -2.091160566467  -1.985138676779  -1.857806817814  -1.725681400474  -1.598518419474  -1.483745014339  -1.384282430870  -1.301606526905  -1.236703902150  -1.190299752646
          1        5.000  -0.800000000000   0.410000000000  -5.538310738493  -5.649586388809  -5.645605241008  -5.535943119143  -5.276063517656  -4.648504600106  -3.927537219964  -3.220312507876  -2.619417713592  -2.184619662156  -1.927574389122  -1.808794743176  -1.878482161694  -1.967745069079  -2.042017200390  -2.081321416494  -2.108571150496  -2.127621127073  -2.139466557738  -2.144962676849  -2.144940173163  -2.089528639097  -1.984449650224  -1.857663394074  -1.725857759195  -1.598854474946  -1.484158164320  -1.384732668888  -1.302080214705  -1.237194070408  -1.190796239376
          1        6.000   1.750000000000   0.460000000000  -4.649552959811  -4.804054848530  -4.866403422940  -4.845642663130  -4.720961845943  -4.357214269014  -3.888157149396  -3.379855926368  -2.895032910181  -2.485550082096  -2.183743403325  -1.910001517121  -1.898195623253  -1.964330740256  -2.035178694555  -2.074869453572  -2.102854612281  -2.122594961792  -2.135052816364  -2.141137805753  -2.141718684952  -2.087985594902  -1.983791709667  -1.857521842239  -1.726028042443  -1.599188250927  -1.484570237524  -1.385182547346  -1.302553730506  -1.237683990507  -1.191292416990
          1        7.000   6.650000000000   0.000000000000   6.636555742945  -1.090049581166  -2.739964792354  -3.551150926200  -3.909958642886  -3.960146713568  -3.727193787818  -3.386018389856  -3.016947274792  -2.670897951695  -2.382332560303  -2.034179573013  -1.942411441021  -1.971387986726  -2.031219921955  -2.069171721473  -2.097248569504  -2.117549181494  -2.130624332306  -2.137315418092  -2.138494706641  -2.086492054290  -1.983150302043  -1.857379573881  -1.726192920235  -1.599519713750  -1.484981231982  -1.385632056299  -1.303027069266  -1.238173665415  -1.191788291846
          1        8.000   5.950000000000   0.000000000000   5.947915827131   2.619225786210  -0.239475431308  -1.217666486345  -1.979485251885  -2.783462858200  -3.104710681567  -3.120414655089  -2.965531333287  -2.738600950489  -2.505649831523  -2.151203268359  -2.002608662999  -1.990364617954  -2.032100168954  -2.065316295048  -2.092217650037  -2.112636365594  -2.126212985405  -2.133488635349  -2.135253513934  -2.085022513929  -1.982516388166  -1.857234992279  -1.726352813347  -1.599848789563  -1.485391118193  -1.386081176816  -1.303500221556  -1.238663091954  -1.192283862727
          1        9.000   2.100000000000   0.000000000000   2.099952649902   1.385058683951   0.296950275986  -0.515648427667  -1.154306497853  -1.974041639002  -2.457065153960  -2.684854429351  -2.729167941473  -2.656595024607  -2.524745494925  -2.237322094284  -2.066183030255  -2.018679650045  -2.038547362819  -2.064224507412  -2.088350473015  -2.108129798495  -2.121915548306  -2.129678577418  -2.131991229560  -2.083559259937  -1.981883940122  -1.857087139367  -1.726508143711  -1.600175463486  -1.485799887470  -1.386529897443  -1.303973181474  -1.239152271660  -1.192779134223
          1       10.000  -5.600000000000   0.200000000000  -0.446601966354  -0.003412915893  -0.007327258277  -0.375775841046  -0.847328962623  -1.545200732484  -2.027419339874  -2.324352089572  -2.470442917173  -2.503629029754  -2.462018383876  -2.277367602007  -2.119943427336  -2.051162055469  -2.049846253077  -2.066277726034  -2.086145697593  -2.104356028584  -2.117889539437  -2.125942811186  -2.128719196976  -2.082090744102  -1.981249112551  -1.856935431233  -1.726659226806  -1.600499723737  -1.486207527766  -1.386978205865  -1.304445942651  -1.239641205189  -1.193274109811
          1       11.000 -13.750000000000   0.200000000000  -1.769767765397  -0.543563778239  -0.066399569560  -0.360007981666  -0.728289045653  -1.314210410653  -1.755952649010  -2.063383518194  -2.252861050420  -2.345728303808  -2.366050121362  -2.277225827431  -2.155282189354  -2.081614608025  -2.064059896381  -2.071202525942  -2.085868673335  -2.101617870177  -2.114330809985  -2.122375641955  -2.125468985230  -2.080609238720  -1.980609257738  -1.856779417699  -1.726806232661  -1.600821519321  -1.486614004968  -1.387426081594  -1.304918494715  -1.240129888349  -1.193768787198
          1       12.000 -18.800000000000   0.210000000000  -2.650054792446  -1.664445095314  -0.996386990432  -0.708577589056  -0.778485925617  -1.190782962252  -1.578150504700  -1.875170611880  -2.080672551895  -2.205729330136  -2.265628432335  -2.252199534852  -2.171757954564  -2.105486437896  -2.078614680109  -2.078025205350  -2.087373786778  -2.100059027639  -2.111406112313  -2.119086056273  -2.122292641896  -2.079110314665  -1.979962616135  -1.856618851366  -1.726949354897  -1.601140850618  -1.487019306451  -1.387873511953  -1.305390831002  -1.240618321489  -1.194263169570
          1       13.000 -19.000000000000   0.230000000000  -4.144668720772  -3.200665791251  -2.447950659905  -1.912194680719  -1.550801176650  -1.389861422551  -1.543480060801  -1.762931084711  -1.952839334734  -2.089112923956  -2.172294556845  -2.214414908971  -2.173216385759  -2.121150199153  -2.091436990617  -2.085529720599  -2.090189902392  -2.099621759843  -2.109200574429  -2.116167570626  -2.119253211209  -2.077592383922  -1.979308037450  -1.856453586851  -1.727088756582  -1.601457734219  -1.487423426013  -1.388320486849  -1.305862946056  -1.241106506080  -1.194757261365
          1       14.000 -13.350000000000   0.280000000000  -4.620750262904  -4.010989772831  -3.447947191317  -2.967716998409  -2.513053503999  -1.988195386208  -1.794659951843  -1.810240026321  -1.908239311989  -2.014211273052  -2.097114250893  -2.172310091937  -2.164132973249  -2.128935980876  -2.101342966555  -2.092655759504  -2.093715412254  -2.100093806487  -2.107706789180  -2.113679682743  -2.116413829318  -2.076056065525  -1.978644678068  -1.856283486646  -1.727224535594  -1.601772171090  -1.487826349241  -1.388766993100  -1.306334832872  -1.241594441625  -1.195251064671
          1       15.000 -12.200000000000   0.330000000000  -4.539150666422  -4.173780908730  -3.811690895090  -3.469631772982  -3.092039996110  -2.541373942450  -2.187370818768  -2.019725985453  -1.982647660828  -2.011950314295  -2.060861227223  -2.135306637572  -2.149205014708  -2.130244962728  -2.107944202879  -2.098664770523  -2.097367288029  -2.101171707221  -2.106831228335  -2.111635241085  -2.113825052935  -2.074504043092  -1.977971941352  -1.856108434881  -1.727356762373  -1.602084163938  -1.488228062182  -1.389213017657  -1.306806484457  -1.242082127528  -1.195744581440
          1       16.000  -5.250000000000   0.400000000000  -4.080403641616  -3.959451893288  -3.784290891054  -3.581063832957  -3.316918087491  -2.868747246686  -2.509060958933  -2.265416486506  -2.131879932638  -2.080052306995  -2.075654980353  -2.114091023393  -2.133994079049  -2.127244350824  -2.111473879137  -2.103177885284  -2.100684163620  -2.102536295311  -2.106424664316  -2.110002577646  -2.111515935084  -2.072940736716  -1.977289429174  -1.855928327084  -1.727485485881  -1.602393716501  -1.488628551364  -1.389658547614  -1.307277893822  -1.242569563088  -1.196237813491
          1       17.000  -1.250000000000   0.660000000000  -3.556405534193  -3.554889697058  -3.505620943179  -3.418658257725  -3.273104980401  -2.977175428732  -2.691242385209  -2.454266546374  -2.284664206461  -2.181179557361  -2.129477736137  -2.114266727055  -2.123994046749  -2.122710975984  -2.112688433885  -2.106167409888  -2.103377388958  -2.103910667356  -2.106317740058  -2.108717072425  -2.109490788579  -2.071371846845  -1.976596922973  -1.855743065023  -1.727610738252  -1.602700833010  -1.489027803787  -1.390103570208  -1.307749053989  -1.243056747509  -1.196730762511
          1       18.000   1.800000000000   0.690000000000  -3.150412833259  -3.212675225096  -3.228140560814  -3.205089560027  -3.134620147014  -2.956165607572  -2.753712262927  -2.560080554616  -2.397699931648  -2.277052287062  -2.197777490986  -2.133102626149  -2.122473461425  -2.119389588331  -2.112712583995  -2.107924174966  -2.105353085858  -2.105099401664  -2.106352733717  -2.107696824558  -2.107731368874  -2.069803800063  -1.975894379688  -1.855552554804  -1.727732538408  -1.603005517783  -1.489425806916  -1.390548072824  -1.308219957991  -1.243543679895  -1.197223430059
          1       19.000   4.650000000000   0.000000000000   4.639885430853  -1.286698364266  -2.344171648294  -2.743658583557  -2.872405847459  -2.854419767755  -2.740777808546  -2.600540131888  -2.464450116882  -2.348811171105  -2.260517919999  -2.162576844169  -2.129444468655  -2.119126346887  -2.112722270413  -2.108959190409  -2.106705273263  -2.106012261900  -2.106408761521  -2.106857911097  -2.106201474272  -2.068243063452  -1.975182006460  -1.855356749073  -1.727850921517  -1.603307793692  -1.489822558503  -1.390992047218  -1.308690600959  -1.244030361222  -1.197715819720
          1       20.000   4.100000000000   0.000000000000   4.098300215011   1.397750450755  -0.476066868678  -1.170253960473  -1.709612588321  -2.264041523848  -2.484482474573  -2.519015619067  -2.466324542670  -2.385334963041  -2.306408952129  -2.194539467151  -2.142662411371  -2.122521575110  -2.113609623259  -2.109826822837  -2.107650849921  -2.106657631632  -2.106416604817  -2.106131084435  -2.104858542795  -2.066695636576  -1.974460129516  -1.855155585286  -1.727965899801  -1.603607672602  -1.490218051504  -1.391435483271  -1.309160977056  -1.244516791306  -1.198207933716
          1       21.000   1.450000000000   0.000000000000   1.370849716203   0.752987273159  -0.091821260136  -0.632241798746  -1.119261368962  -1.739321457528  -2.104137549987  -2.288710338279  -2.354081910560  -2.349819617528  -2.312632933486  -2.219613204389  -2.158658382303  -2.129154659009  -2.115871861799  -2.111005179737  -2.108459043822  -2.107116050151  -2.106356922917  -2.105469770032  -2.103663601902  -2.065167455059  -1.973728959855  -1.854948837967  -1.728077372310  -1.603905090948  -1.490612239301  -1.391878353575  -1.309631071762  -1.245002961952  -1.198699765577
          1       22.000  -5.400000000000   0.150000000000  -0.800483386916  -0.140347389144  -0.120316802346  -0.472570972276  -0.860276777020  -1.425075970856  -1.814701993723  -2.062406745561  -2.201089015795  -2.262376643886  -2.274238162883  -2.227553209175  -2.172357949038  -2.137423209279  -2.119420120469  -2.112750213993  -2.109376299255  -2.107516668034  -2.106257570352  -2.104848948437  -2.102575783218  -2.063662165379  -1.972989429524  -1.854736646363  -1.728185454319  -1.604200139608  -1.491005158131  -1.392320666781  -1.310100888447  -1.245488881262  -1.199191326486
          1       23.000 -12.000000000000   0.180000000000  -2.342638813960  -1.207620658130  -0.590147375950  -0.532002265341  -0.769566329147  -1.245033899701  -1.616527296539  -1.881722709801  -2.056319776751  -2.159338671193  -2.209909069857  -2.215586221630  -2.178839792704  -2.144988885890  -2.123720491814  -2.115090888754  -2.110563841164  -2.107981598998  -2.106169559170  -2.104270029298  -2.101574135639  -2.062184214454  -1.972241931036  -1.854518722977  -1.728289982100  -1.604492716685  -1.491396741595  -1.392762386410  -1.310570407879  -1.245974536865  -1.199682605557
          1       24.000 -16.400000000000   0.190000000000  -5.054063509467  -3.668930611773  -2.614413373464  -1.903798555563  -1.471696832859  -1.339489057614  -1.531261300602  -1.756195864433  -1.936293605595  -2.061139666260  -2.137966682111  -2.189369146386  -2.176599701769  -2.149680648090  -2.127803068406  -2.117735042539  -2.112027030045  -2.108588250919  -2.106147226743  -2.103746553021  -2.100643832326  -2.060735425340  -1.971487497217  -1.854295163604  -1.728391015910  -1.604782877833  -1.491787008689  -1.393203513696  -1.311039629606  -1.246459933138  -1.200173609873
          1       25.000 -19.200000000000   0.220000000000  -5.732481627623  -4.862683239397  -4.100889216421  -3.460576983476  -2.848793568954  -2.120461189771  -1.823483590272  -1.803046493870  -1.890251343239  -1.991812649281  -2.073116934007  -2.155514737314  -2.166632184314  -2.150399576719  -2.130767569253  -2.120241417220  -2.113633238025  -2.109341629846  -2.106223441862  -2.103296008546  -2.099782389194  -2.059317378522  -1.970727034961  -1.854065958016  -1.728488535479  -1.605070623059  -1.492175949303  -1.393644037144  -1.311508546758  -1.246945068561  -1.200664340130
          1       26.000 -14.300000000000   0.280000000000  -5.959976537870  -5.370850594822  -4.801148865132  -4.278394902452  -3.717344172940  -2.908882990430  -2.374318253782  -2.096167114821  -2.001920365399  -2.006171392690  -2.046223483975  -2.123917456678  -2.151712119835  -2.147149961900  -2.132034823143  -2.122169851081  -2.115162974168  -2.110175535815  -2.106396754664  -2.102928069868  -2.098992459277  -2.057931113552  -1.969961491901  -1.853831117684  -1.728582519219  -1.605355951551  -1.492563553541  -1.394083945416  -1.311977152488  -1.247429941530  -1.201154796908
          1       27.000 -12.000000000000   0.350000000000  -5.556739021665  -5.233185191995  -4.890135180215  -4.541774903729  -4.119987646662  -3.425523749642  -2.863314514940  -2.467245654458  -2.231723535230  -2.120100121345  -2.085181542377  -2.109752044939  -2.137175545439  -2.141142256984  -2.131490028822  -2.123214765680  -2.116385363727  -2.110976652098  -2.106630391509  -2.102637483179  -2.098276230231  -2.056577333226  -1.969191833459  -1.853590676838  -1.728672944946  -1.605638861704  -1.492949811701  -1.394523227333  -1.312445439966  -1.247914550361  -1.201644980673
          1       28.000  -6.550000000000   0.460000000000  -5.009870957638  -4.888137566471  -4.711194802026  -4.497415804070  -4.203068895473  -3.666271766816  -3.175562145466  -2.773137804037  -2.478355950462  -2.287934957967  -2.181669520700  -2.123930278529  -2.129986274976  -2.134935914210  -2.129623304509  -2.123317959242  -2.117133926808  -2.111621777158  -2.106863064086  -2.102402766366  -2.097630773693  -2.055256531636  -1.968419024766  -1.853344692854  -1.728759790555  -1.605919351160  -1.493334714243  -1.394961871866  -1.312913402382  -1.248398893291  -1.202134891777
          1       29.000  -0.950000000000   0.790000000000  -4.421176271040  -4.415950784977  -4.356258583423  -4.251988429179  -4.075382486789  -3.706382162414  -3.324254381519  -2.971593213005  -2.677350086347  -2.454950951940  -2.303226408668  -2.165449170951  -2.135209391124  -2.131723675534  -2.127526255682  -2.122751045102  -2.117378542895  -2.112021192680  -2.107028140760  -2.102190730420  -2.097045731924  -2.053969028651  -1.967644017195  -1.853093246043  -1.728843034665  -1.606197416861  -1.493718251770  -1.395399868139  -1.313381032951  -1.248882968482  -1.202624530464
          1       30.000   2.200000000000   0.000000000000   2.188712503034  -2.063268255544  -3.254964162441  -3.690849426929  -3.770434824758  -3.609960249271  -3.348533318203  -3.068946324116  -2.808774485529  -2.589240156372  -2.419692559204  -2.224147868282  -2.153594063488  -2.133958208026  -2.126545329619  -2.122077339909  -2.117267593012  -2.112160936037  -2.107078485960  -2.101966169769  -2.096503835940  -2.052714667484  -1.966867741396  -1.852836479530  -1.728922685403  -1.606473073952  -1.494100425715  -1.395837210603  -1.313848327580  -1.249366776122  -1.203113898976
          1       31.000   4.950000000000   0.000000000000   4.947271589876   1.198008483479  -0.790483711903  -1.579124694095  -2.187194583890  -2.789620960782  -2.993696301265  -2.968285648498  -2.833562019099  -2.666594925106  -2.510034709433  -2.287673653340  -2.182314832543  -2.142591360578  -2.127823128539  -2.121977829743  -2.117095106604  -2.112116540537  -2.107004959930  -2.101703384695  -2.095985388164  -2.051493315171  -1.966091074032  -1.852574504679  -1.728998718552  -1.606746314028  -1.494481224668  -1.396273887720  -1.314315279065  -1.249850313788  -1.203602996861
          1       32.000   4.700000000000   0.000000000000   4.698542207523   2.402597424663   0.234935762535  -0.703162363389  -1.317776070303  -2.054950362089  -2.465447824203  -2.649222458708  -2.682721612678  -2.628637835849  -2.535083948486  -2.339880845256  -2.215866233860  -2.156963016138  -2.132004274719  -2.123076894180  -2.117237900955  -2.112047488457  -2.106847193064  -2.101395739602  -2.095472877616  -2.050304886852  -1.965314877156  -1.852307388825  -1.729071064509  -1.607017096549  -1.494860619071  -1.396709879058  -1.314781875530  -1.250333575402  -1.204091820034
          1       33.000   0.850000000000   0.000000000000   0.876132167050   0.742595262279   0.212987517067  -0.351843202754  -0.879603500498  -1.591907440661  -2.057190379189  -2.335238995410  -2.472878039180  -2.512085879218  -2.489561415876  -2.363076255155  -2.245421259127  -2.174432154317  -2.138911683183  -2.125714192300  -2.118039516102  -2.112160700754  -2.106693088824  -2.101063697928  -2.094957106061  -2.049148290582  -1.964539975396  -1.852035315097  -1.729139723734  -1.607285425457  -1.495238604936  -1.397145176642  -1.315248111465  -1.250816559814  -1.204580369329
          1       34.000  -6.600000000000   0.160000000000  -1.075450329867  -0.307443938037  -0.005458921414  -0.295772183438  -0.698342517652  -1.316721847043  -1.769478079505  -2.079893583759  -2.272498019197  -2.373047157031  -2.406841592417  -2.356385672263  -2.263907021793  -2.191132203737  -2.147475000552  -2.129770700108  -2.119666083941  -2.112628748129  -2.106646332077  -2.100748683029  -2.094441520304  -2.048021223251  -1.963767038531  -1.851758626779  -1.729204818021  -1.607551382876  -1.495615223844  -1.397579795487  -1.315713993380  -1.251299274795  -1.205068654207
          1       35.000 -13.950000000000   0.180000000000  -2.736790477322  -1.371216602593  -0.487515182544  -0.355626897970  -0.631863078888  -1.159337676167  -1.577510357427  -1.888305278224  -2.103796495799  -2.239264091953  -2.311445304845  -2.326753262586  -2.268176656471  -2.203373032353  -2.156139472810  -2.134807897951  -2.122146881002  -2.113593185017  -2.106820689488  -2.100509845121  -2.093943612958  -2.046924164207  -1.962996911391  -1.851477228869  -1.729266115351  -1.607814812954  -1.495990380050  -1.398013682219  -1.316179491996  -1.251781700945  -1.205556657525
          1       36.000 -16.850000000000   0.210000000000  -3.936612318482  -3.072855376669  -2.307378717651  -1.720914877470  -1.333780649151  -1.246570353916  -1.487125321540  -1.753954638576  -1.968820869685  -2.121323250354  -2.217986577281  -2.284573884665  -2.260342718886  -2.209463962909  -2.163335988017  -2.139999776014  -2.125197591219  -2.115036363006  -2.107275996751  -2.100400655135  -2.093490736430  -2.045854977192  -1.962230164421  -1.851191471324  -1.729323726724  -1.608075785270  -1.496364108021  -1.398446848392  -1.316644611907  -1.252263844465  -1.206044387176
