   1.0000000000000000     
  -16.850000000000001     
  -16.849928508011573     
  -16.849857016030022     
  -16.849785524062224     
  -16.849714032115056     
  -16.849642540195397     
  -16.849606794248459     
  -16.849571048310978     
  -16.849535302383817     
  -16.849499556467830     
  -16.849463810563879     
  -16.849428064672821     
  -16.849392318795516     
  -10.891748536250191     
  -4.9579836281717151     
  -4.7919354132012568     
  -4.6271327519226748     
  -4.4665656683423869     
  -4.3103492837780166     
  -4.1585997942271300     
  -4.0114342196656594     
  -3.8689700624724690     
  -3.7313248632526967     
  -3.5986156421716986     
  -3.4709582141832200     
  -3.3484663674126822     
  -3.2312508956422161     
  -3.1194184785630736     
  -3.0130704074426649     
  -2.9123011593040946     
  -2.8171968297784642     
  -2.7278334434907863     
  -2.6442751710273988     
  -2.5665724928138989     
  -2.4947603619248859     
  -2.3437960705137297     
  -2.2092363756547804     
  -2.0918757658746245     
  -1.9915288178000945     
  -1.9077622028982442     
  -1.8398863288769149     
  -1.7869671252296948     
  -1.7478584584063783     
  -1.7212516705208289     
  -1.7057355169376756     
  -1.6998583926937796     
  -1.7021854389578346     
  -1.7113453348728553     
  -1.7260643326065490     
  -1.7451875210579109     
  -1.7676889424138040     
  -1.7926729743879155     
  -1.8193695145308197     
  -1.8471252220270489     
  -1.8753926140105355     
  -1.9037183307127372     
  -1.9317314586255236     
  -1.9591324641944969     
  -1.9856830434410631     
  -2.0111970225180231     
  -2.0355323335301398     
  -2.0585840228025685     
  -2.0802782117668919     
  -2.1005669135611553     
  -2.1194236039644312     
  -2.1368394483402473     
  -2.2024561589462639     
  -2.2372239489949011     
  -2.2484693352548213     
  -2.2435568328999951     
  -2.2288522248137554     
  -2.2092975827172743     
  -2.1883413957350761     
  -2.1680926273166401     
  -2.1496050969508400     
  -2.1445884181656818     
  -2.1358286988015323     
  -2.1284265437226910     
  -2.1221734633118889     
  -2.1168352904726735     
  -2.1121839481236679     
  -2.1080147324307008     
  -2.1041533153108833     
  -2.1004561538751760     
  -2.0968072054880316     
  -2.0931130241373976     
  -2.0728229400573457     
  -2.0448128556002434     
  -2.0074973581736981     
  -1.9614673683815644     
  -1.9085406752036496     
  -1.8509015678565950     
  -1.7906023978734595     
  -1.7293776544817758     
  -1.6083342943724930     
  -1.4967363989916544     
  -1.3988792841775488     
  -1.3171093465171488     
  -1.2527457029574618     
  -1.2065318425776177     
