          1        1.000 -16.100000000000   0.020000000000  -2.953918500000  -2.126284100000  -1.543913500000  -1.212975400000  -1.102662200000  -1.201875700000  -1.422272000000  -1.668507900000  -1.898285300000  -2.095562500000  -2.256279000000  -2.475459000000  -2.591337000000  -2.643282200000  -2.661006500000  -2.662956000000  -2.656776400000  -2.644760400000  -2.628025000000  -2.606851800000  -2.581534000000  -2.407629300000  -2.197638800000  -1.982040300000  -1.777668500000  -1.593398300000  -1.434997400000  -1.303974700000  -1.200241400000  -1.123358600000  -1.073071400000
          1        2.000 -13.650000000000   0.020000000000 -13.122511862503 -10.403404993702  -7.749105152946  -5.457668808962  -3.665829083666  -2.459503565946  -1.921029361014  -1.812025219664  -1.893482968471  -2.031900067212  -2.172216747081  -2.397333312387  -2.536761267016  -2.611163785279  -2.644522655248  -2.653535327556  -2.651437479389  -2.640849270189  -2.624562171677  -2.603541731466  -2.577999948175  -2.405821251546  -2.197359280307  -1.982596968741  -1.778377811752  -1.594102937119  -1.435734384802  -1.304702527880  -1.200951118273  -1.124056076409  -1.073764962383
          1        3.000 -10.300000000000   0.060000000000 -10.160472731088  -9.252880847526  -8.030758004240  -6.686516158578  -5.361577519738  -4.150140569545  -3.225698304896  -2.624190538492  -2.311252186170  -2.203592017186  -2.211844695368  -2.355141115104  -2.491082312891  -2.578586365714  -2.625149906004  -2.641411155647  -2.644551346775  -2.636383744457  -2.621042299457  -2.600334520643  -2.575004198212  -2.404294677005  -2.197116430192  -1.983060509087  -1.779047363820  -1.594807953397  -1.436470324449  -1.305430152198  -1.201661033299  -1.124753821027  -1.074458783630
          1        4.000  -5.950000000000   0.140000000000  -7.054830894422  -7.071608999136  -6.761344808391  -6.216105469552  -5.523579770531  -4.745880999190  -4.009878523971  -3.389069222234  -2.924026533060  -2.620468580174  -2.455188032162  -2.398026153097  -2.471584934984  -2.551108027944  -2.604617702873  -2.627021075654  -2.635774358485  -2.630805067749  -2.617011957015  -2.597025350999  -2.572193204284  -2.402947659633  -2.196891690665  -1.983458872753  -1.779687006754  -1.595512404812  -1.437205263441  -1.306157562015  -1.202371136427  -1.125451831672  -1.075152864146
          1        5.000  -0.850000000000   0.410000000000  -5.553742678871  -5.703276612459  -5.663642701809  -5.462736466779  -5.133954805501  -4.697373763263  -4.218525843844  -3.750568602566  -3.336133278922  -3.002902879575  -2.761636766321  -2.529631368411  -2.500233554410  -2.541697996280  -2.588324072256  -2.612663662141  -2.625716941463  -2.624131871984  -2.612366155046  -2.593504130292  -2.569409196899  -2.401712865350  -2.196673804279  -1.983811305561  -1.780303802817  -1.596215614694  -1.437939223090  -1.306884747538  -1.203081419130  -1.126150106065  -1.075847204199
          1        6.000   1.750000000000   0.460000000000  -4.632827943720  -4.851758957639  -4.925919228699  -4.876886752142  -4.726052163036  -4.481579148363  -4.178247313454  -3.850537294466  -3.529522683282  -3.240318725007  -3.000007266869  -2.689459705170  -2.570356953824  -2.557828866457  -2.582506420792  -2.602018166497  -2.615841705108  -2.616779061480  -2.607131736704  -2.589680653296  -2.566537897714  -2.400544908670  -2.196455989785  -1.984131004719  -1.780902833352  -1.596917098071  -1.438672208585  -1.307611699568  -1.203791873015  -1.126848641829  -1.076541803929
          1        7.000   6.650000000000   0.000000000000   5.217111975085  -0.679089423868  -2.928249026026  -3.848519765062  -4.156878879066  -4.168137084929  -4.028733783980  -3.821947854100  -3.590141443845  -3.360136157653  -3.150295613800  -2.830001616785  -2.657408051774  -2.594953462345  -2.589631098937  -2.598168471412  -2.608087364347  -2.609592770004  -2.601560336343  -2.585558952244  -2.563504263830  -2.399412174432  -2.196234238824  -1.984427135305  -1.781487869868  -1.597616528483  -1.439404222872  -1.308338411368  -1.204502488442  -1.127547434217  -1.077236661031
          1        8.000   5.950000000000   0.000000000000   5.948615069295   3.190713402754   0.611844397617  -1.162583494414  -2.281973752111  -3.006715896464  -3.364473382876  -3.482001756126  -3.453282925496  -3.346130386237  -3.206760798987  -2.930992205783  -2.740612552845  -2.642925682710  -2.607907587357  -2.602215443601  -2.604100972087  -2.603635312179  -2.596122409580  -2.581265714824  -2.560281786281  -2.398292362770  -2.196005998941  -1.984705469362  -1.782061353750  -1.598313618173  -1.440135235039  -1.309064869553  -1.205213260108  -1.128246485267  -1.077931780012
          1        9.000   2.100000000000   0.000000000000   2.100169746977   1.655963855668   0.736267050808  -0.342780004689  -1.296662089929  -2.075488655350  -2.602971231768  -2.925734563048  -3.090601033740  -3.142137313772  -3.119675131951  -2.965374600236  -2.801900276341  -2.690464019016  -2.632610815737  -2.612865519463  -2.604453243611  -2.599751693051  -2.591378841955  -2.577048123658  -2.556918382320  -2.397168497973  -2.195769793382  -1.984970343017  -1.782625346152  -1.599008209657  -1.440865235476  -1.309791067125  -1.205924178547  -1.128945790042  -1.078627158311
          1       10.000  -5.600000000000   0.200000000000  -0.951102977363  -0.226180700492  -0.120834513395  -0.542885051108  -1.092500622790  -1.661209134302  -2.134830432005  -2.490874301670  -2.733427252256  -2.878280415239  -2.945952104400  -2.926892583744  -2.825612817769  -2.726025243117  -2.657721963904  -2.627309713959  -2.608612758465  -2.598273126984  -2.587762505925  -2.573181719176  -2.553523586940  -2.396029098600  -2.195524811119  -1.985224695299  -1.783181401348  -1.599700232202  -1.441594223579  -1.310517000187  -1.206635233256  -1.129645340935  -1.079322790462
          1       11.000 -13.800000000000   0.200000000000  -4.166424585905  -2.610654460094  -1.707870796710  -1.344589407366  -1.351229635742  -1.604700701487  -1.934252090063  -2.236459074313  -2.478121470423  -2.652927361266  -2.765866954737  -2.844583438169  -2.811078474632  -2.741266692290  -2.676831494943  -2.641800206098  -2.615284259534  -2.599113638759  -2.585559288654  -2.569936130325  -2.550250780566  -2.394865750038  -2.195269941890  -1.985469988022  -1.783730266479  -1.600389493349  -1.442322134916  -1.311242648191  -1.207346421736  -1.130345145014  -1.080018686183
          1       12.000 -18.950000000000   0.210000000000  -5.287732476361  -4.091482646452  -3.199554816933  -2.576794119201  -2.182774122063  -2.018532626861  -2.055714685698  -2.192554753793  -2.355918468135  -2.505381795107  -2.623223585566  -2.752525261719  -2.772795032185  -2.737250649241  -2.686444242922  -2.652819248393  -2.622414391346  -2.601504042512  -2.584674537954  -2.567443590064  -2.547254273205  -2.393675721283  -2.195004758282  -1.985707624484  -1.784272864901  -1.601075985488  -1.443048965704  -1.311968006431  -1.208057733493  -1.131045194471  -1.080714839758
          1       13.000 -19.150000000000   0.230000000000  -6.572500786560  -5.399318964536  -4.422195823722  -3.643570099176  -3.047774207850  -2.636783012932  -2.430821610558  -2.372567878239  -2.402607152932  -2.473144930849  -2.552259699583  -2.676587190848  -2.726373261576  -2.719913754457  -2.686575568488  -2.658561014533  -2.628218282238  -2.604445389156  -2.584761666254  -2.565695546545  -2.544648628015  -2.392460358143  -2.194728739871  -1.985938365521  -1.784809761669  -1.601759668833  -1.443774691522  -1.312693064562  -1.208769160836  -1.131745486382  -1.081411250461
          1       14.000 -13.550000000000   0.290000000000  -6.592028868989  -5.840534523533  -5.086739358254  -4.388026586256  -3.773532909243  -3.263125827636  -2.908321823921  -2.693649415754  -2.588542216224  -2.557630290077  -2.569188274513  -2.637499673336  -2.686910985022  -2.697302747061  -2.679717437298  -2.659003735417  -2.631616342165  -2.606995717854  -2.585323303809  -2.564547010312  -2.542480907947  -2.391224838272  -2.194441456027  -1.986162677462  -1.785341375466  -1.602440517716  -1.444499288123  -1.313417811945  -1.209480696119  -1.132446017755  -1.082107917454
          1       15.000 -12.450000000000   0.340000000000  -6.104479267467  -5.641027939965  -5.145207474581  -4.641985633198  -4.152724807481  -3.692991568543  -3.316180128538  -3.032898845548  -2.839745857346  -2.722800709131  -2.662896070935  -2.644822352098  -2.666280641212  -2.677701415089  -2.669767194091  -2.655537080050  -2.632386880361  -2.608520182266  -2.585868638444  -2.563770744525  -2.540723810790  -2.389977059329  -2.194142601028  -1.986380826771  -1.785868016843  -1.603118516581  -1.445222731722  -1.314142237670  -1.210192331732  -1.133146785533  -1.082804839786
          1       16.000  -5.300000000000   0.400000000000  -5.330859099923  -5.202821668956  -4.951844919779  -4.631443759276  -4.278096673009  -3.910787105359  -3.576401219523  -3.293472220199  -3.070358611906  -2.906771818152  -2.795956324241  -2.693056100874  -2.670044890289  -2.667683215553  -2.660942245030  -2.650408381789  -2.631077832472  -2.608804622027  -2.586040809178  -2.563127561019  -2.539290889873  -2.388726161501  -2.193832036971  -1.986592945466  -1.786389915945  -1.603793657039  -1.445944999191  -1.314866330585  -1.210904060091  -1.133847786594  -1.083502016397
          1       17.000  -1.200000000000   0.650000000000  -4.579513856384  -4.606276074975  -4.535853087194  -4.389811542215  -4.189042005201  -3.944565078600  -3.690816182466  -3.450319450856  -3.238586015052  -3.064056957122  -2.928918994947  -2.764942884703  -2.695862305593  -2.670356941505  -2.656646306086  -2.646044695955  -2.628758162446  -2.608046272517  -2.585687556651  -2.562428660090  -2.538066054031  -2.387481012999  -2.193509827010  -1.986799077010  -1.786907242720  -1.604465935701  -1.446666068168  -1.315590079331  -1.211615873631  -1.134549017754  -1.084199446122
          1       18.000   1.800000000000   0.680000000000  -4.029661465349  -4.138424223490  -4.161651942122  -4.116000727575  -4.016414369669  -3.868499463238  -3.693421931929  -3.509688305428  -3.332305084590  -3.172151315969  -3.035793917319  -2.841529480838  -2.735925555597  -2.684926697994  -2.658607132240  -2.644368380397  -2.626663961878  -2.606742778267  -2.584869449017  -2.561575684560  -2.536936858148  -2.386248996532  -2.193176247771  -1.986999209146  -1.787420121722  -1.605135352570  -1.447385917121  -1.316313472371  -1.212327764794  -1.135250475764  -1.084897127689
          1       19.000   4.650000000000   0.000000000000   4.645153597461  -1.251557101411  -2.922986378859  -3.528989681129  -3.714858845385  -3.714412729639  -3.626252460742  -3.502063592208  -3.365795682925  -3.231342791440  -3.107505144363  -2.908786127847  -2.780942715510  -2.707832599203  -2.666708665549  -2.646350761433  -2.625837122119  -2.605513761226  -2.583811337772  -2.560571945237  -2.535822288296  -2.385035279239  -2.192831802913  -1.987193313114  -1.787928653760  -1.605801916997  -1.448104528523  -1.317036498969  -1.213039725871  -1.135952156765  -1.085595059102
          1       20.000   4.150000000000   0.000000000000   4.148860360245   1.896121430749  -0.170926423100  -1.426772235441  -2.309354965292  -2.884983900944  -3.173711064493  -3.278988762986  -3.276007671368  -3.216226226661  -3.132424531173  -2.957891220252  -2.823158703142  -2.734572226420  -2.679524874523  -2.651999139136  -2.626908767047  -2.604924632551  -2.582817434701  -2.559504292972  -2.534688148436  -2.383842963471  -2.192477085472  -1.987381300507  -1.788432881007  -1.606465618231  -1.448821876289  -1.317759145461  -1.213751749638  -1.136654058496  -1.086293240136
          1       21.000   1.400000000000   0.000000000000   1.360070067526   0.914885870947   0.132846918374  -0.726559877402  -1.504707470784  -2.145062522599  -2.583210309851  -2.856417824706  -3.003600556555  -3.061139004041  -3.060112177064  -2.967600486090  -2.852892437369  -2.760070723966  -2.694812171108  -2.660518729985  -2.630009128001  -2.605351699975  -2.582182463834  -2.558509026503  -2.533548629333  -2.382673245073  -2.192112891442  -1.987563127382  -1.788932857868  -1.607126467644  -1.449537944521  -1.318481400876  -1.214463828360  -1.137356176966  -1.086991668593
          1       22.000  -5.400000000000   0.160000000000  -1.488768257331  -0.864826100995  -0.654050274331  -0.881291248787  -1.309146079394  -1.787881939218  -2.194480297738  -2.502980772558  -2.716679185188  -2.849308033727  -2.918073774272  -2.926273245735  -2.858028097247  -2.777385496356  -2.709346828434  -2.670409809324  -2.634784413288  -2.606908302058  -2.582109778231  -2.557723826992  -2.532453315136  -2.381526065820  -2.191740179876  -1.987738836367  -1.789428675096  -1.607784512082  -1.450252734630  -1.319203259452  -1.215175953872  -1.138058505553  -1.087690339161
          1       23.000 -12.100000000000   0.190000000000  -4.239961729854  -2.961922227349  -2.185383048957  -1.808562093290  -1.714928473877  -1.838679903867  -2.068958079860  -2.307109171955  -2.509949122545  -2.663334077124  -2.767173040083  -2.851644834833  -2.836174626668  -2.780531286375  -2.719100064646  -2.679419578427  -2.640424384324  -2.609468906218  -2.582704111275  -2.557269618758  -2.531474408255  -2.380402301430  -2.191359582426  -1.987908205544  -1.789920223187  -1.608439670919  -1.450966190168  -1.319924697000  -1.215888119898  -1.138761047019  -1.088389257387
          1       24.000 -16.550000000000   0.190000000000  -6.999182126203  -5.341788778505  -4.104699235943  -3.232455565639  -2.655888056338  -2.347545636688  -2.275473219126  -2.332951986223  -2.442023366494  -2.556711051387  -2.654211954556  -2.771359668925  -2.797161883129  -2.769729553083  -2.721646372036  -2.685307825113  -2.645671462495  -2.612548387824  -2.583873258736  -2.557191570652  -2.530678367209  -2.379302436558  -2.190972112462  -1.988071310823  -1.790407572219  -1.609091990542  -1.451678313743  -1.320645707518  -1.216600318137  -1.139463794571  -1.089088417747
          1       25.000 -19.250000000000   0.230000000000  -7.340075103892  -6.218509315025  -5.230486709553  -4.381135555900  -3.674698606817  -3.126523018342  -2.785712322631  -2.615553732361  -2.563042607461  -2.577356991628  -2.620351247103  -2.711926593452  -2.754767711204  -2.749740772492  -2.717108478730  -2.686905039332  -2.649372879526  -2.615495607023  -2.585369685612  -2.557451437843  -2.530107629236  -2.378228324593  -2.190578650856  -1.988228156656  -1.790890722605  -1.609741474301  -1.452389089258  -1.321366278993  -1.217312540981  -1.140166744537  -1.089787818292
          1       26.000 -14.500000000000   0.280000000000  -7.295216725103  -6.523735565486  -5.744896404913  -5.008999904435  -4.342492128266  -3.760210138853  -3.318745696406  -3.013696082413  -2.825693418836  -2.726649172792  -2.687032796744  -2.697233307016  -2.724447773954  -2.728164942107  -2.707883287555  -2.684456153329  -2.650879330546  -2.617699728795  -2.586852975688  -2.557928396056  -2.529763664174  -2.377182811505  -2.190180078604  -1.988378769675  -1.791369669990  -1.610388124891  -1.453098501217  -1.322086399429  -1.218024780809  -1.140869893188  -1.090487456983
          1       27.000 -12.250000000000   0.350000000000  -6.654508021206  -6.218151447728  -5.722715488517  -5.200293773037  -4.677014696947  -4.168539464340  -3.731521498731  -3.381361434143  -3.120493054384  -2.940731130037  -2.827120191865  -2.734648388843  -2.718494740871  -2.713497090886  -2.697959062502  -2.679531706918  -2.650258312526  -2.618797175531  -2.588000659160  -2.558454073718  -2.529602981256  -2.376169285760  -2.189777288333  -1.988523198850  -1.791844406831  -1.611031944300  -1.453806534682  -1.322806056854  -1.218737029985  -1.141573236735  -1.091187331695
          1       28.000  -6.600000000000   0.460000000000  -5.892283126893  -5.733225743143  -5.464525359033  -5.127164954019  -4.751525425074  -4.352529110663  -3.977000677607  -3.645489617924  -3.369747946000  -3.153424691090  -2.993424053626  -2.811829615077  -2.740256797514  -2.711949804454  -2.691639732045  -2.674559453023  -2.648288133303  -2.618795456912  -2.588614249064  -2.558865421450  -2.529548259930  -2.375190952220  -2.189371195971  -1.988661515268  -1.792314923728  -1.611672933802  -1.454513175222  -1.323525239339  -1.219449280856  -1.142276771331  -1.091887440214
          1       29.000  -0.950000000000   0.780000000000  -5.145259920655  -5.147198202914  -5.049622837005  -4.875129446927  -4.644212244681  -4.366408550600  -4.076464750471  -3.796407878646  -3.542353229193  -3.324300498589  -3.146523325158  -2.907275108040  -2.784290104483  -2.725328920389  -2.692025935727  -2.671999058814  -2.646209474843  -2.618077599911  -2.588686336548  -2.559057095293  -2.529511296642  -2.374250068622  -2.188962745183  -1.988793811763  -1.792781210549  -1.612311093967  -1.455218408873  -1.324243935006  -1.220161525759  -1.142980493072  -1.092587780241
          1       30.000   2.200000000000   0.000000000000   2.195736695392  -2.535742750472  -3.934361691409  -4.339618954854  -4.376659222581  -4.253802685776  -4.062485592843  -3.848734613764  -3.636098271429  -3.438716709931  -3.265037041880  -3.001273718411  -2.840589794547  -2.751266857266  -2.700163838356  -2.673551541753  -2.645311878093  -2.617276715868  -2.588404839396  -2.559016193588  -2.529420513518  -2.373347310662  -2.188552900977  -1.988920216946  -1.793243268021  -1.612946431786  -1.455922225677  -1.324962133309  -1.220873757067  -1.143684397547  -1.093288348828
          1       31.000   5.000000000000   0.000000000000   4.997993705721   1.747160829789  -0.665892686072  -1.978088555330  -2.855177070529  -3.384218707468  -3.610715079646  -3.649218413379  -3.581525112460  -3.462985406817  -3.328456566897  -3.078623102311  -2.898792430245  -2.785056637744  -2.715229304144  -2.679837808944  -2.646578943117  -2.617082810430  -2.588092310449  -2.558824721393  -2.529242502929  -2.372482025882  -2.188142623408  -1.989040836589  -1.793701066092  -1.613578932436  -1.456624605345  -1.325679819972  -1.221585967002  -1.144388481644  -1.093989144648
          1       32.000   4.700000000000   0.000000000000   4.699002117183   2.739409208841   0.860114132540  -0.660407991333  -1.675330306994  -2.426889707895  -2.899459513592  -3.167599256704  -3.289068595548  -3.311383322387  -3.272523580467  -3.110609919620  -2.945427894775  -2.820268415548  -2.734898988656  -2.690358757714  -2.650453251536  -2.618051849347  -2.588114198108  -2.558638001333  -2.528993771430  -2.371652003168  -2.187732853425  -1.989155840574  -1.794154608339  -1.614208601799  -1.457325538629  -1.326396984558  -1.222298147895  -1.145092740830  -1.094690164583
          1       33.000   0.850000000000   0.000000000000   0.906616984910   0.901890290215   0.423385693283  -0.298487405161  -1.096263741938  -1.805819433590  -2.332179913947  -2.698323708642  -2.932159757985  -3.062281159908  -3.115632584011  -3.076703915985  -2.962809355324  -2.847317773739  -2.755118647842  -2.703497620859  -2.656760590834  -2.620477953746  -2.588780643596  -2.558639520234  -2.528735748695  -2.370854584555  -2.187324472802  -1.989265402942  -1.794603890171  -1.614835438268  -1.458025013059  -1.327113615462  -1.223010292032  -1.145797170971  -1.095391406006
          1       34.000  -6.600000000000   0.160000000000  -1.785842961794  -0.980507586179  -0.559236836982  -0.656017549199  -1.051009319466  -1.544994476056  -1.993591146989  -2.355496180049  -2.625490442110  -2.811173219518  -2.925474429515  -2.994247692368  -2.946053403063  -2.858119977916  -2.770754264635  -2.716500299536  -2.664590400481  -2.624273694995  -2.590251476312  -2.558985866894  -2.528555667462  -2.370086977647  -2.186918237274  -1.989369800189  -1.795048981877  -1.615459487787  -1.458723041484  -1.327829710548  -1.223722392569  -1.146501765138  -1.096092862565
          1       35.000 -14.050000000000   0.180000000000  -4.803245526108  -3.279329767952  -2.305245936643  -1.780185841189  -1.588310773483  -1.673359147577  -1.912722978008  -2.180551875682  -2.420548071135  -2.612115506741  -2.751399176688  -2.890535363403  -2.902264731097  -2.850114767328  -2.777679030076  -2.726253579139  -2.672458993873  -2.628991147637  -2.592524803500  -2.559789111792  -2.528552971931  -2.369349025385  -2.186514954869  -1.989469064693  -1.795489741425  -1.616080652518  -1.459419562169  -1.328545239785  -1.224434440147  -1.147206524649  -1.096794538817
          1       36.000 -17.050000000000   0.210000000000  -6.097807495908  -5.024755926155  -4.048110860224  -3.241289425846  -2.641831304408  -2.286904942496  -2.187233783564  -2.243032172620  -2.367533832952  -2.505698079807  -2.628760359690  -2.791379449044  -2.845260682057  -2.827385730673  -2.775046591898  -2.730760470896  -2.678750477380  -2.633805184098  -2.595326215672  -2.561033122859  -2.528797830607  -2.368640773674  -2.186115233686  -1.989563504309  -1.795926246450  -1.616698978073  -1.460114588313  -1.329260201016  -1.225146427776  -1.147911442392  -1.097496428209
