   1.0000000000000000     
  -17.050000000000001     
  -17.049938936856883     
  -17.049877873718394     
  -17.049816810589160     
  -17.049755747473803     
  -17.049694684376956     
  -17.049664152837202     
  -17.049633621303812     
  -17.049603089777367     
  -17.049572558258440     
  -17.049542026747613     
  -17.049511495245458     
  -17.049480963752554     
  -11.960900451396537     
  -6.8883850609646569     
  -6.6798747649530572     
  -6.4726283210868454     
  -6.2697179580892284     
  -6.0712459603658937     
  -5.8773126407797118     
  -5.6880160748517925     
  -5.5034517597908721     
  -5.3237122001241985     
  -5.1488864234055782     
  -4.9790594311211285     
  -4.8143115914659198     
  -4.6547179820959244     
  -4.5003476922460326     
  -4.3512630947297648     
  -4.2075190992894385     
  -4.0691623995425008     
  -3.9362307263705310     
  -3.8087521210247517     
  -3.6867442414790923     
  -3.5702137156499649     
  -3.4522231883741568     
  -3.3413249465198094     
  -3.2380492564868764     
  -3.1423853234736749     
  -3.0542860965593510     
  -2.9736667319171937     
  -2.9004037818668467     
  -2.8343352045542178     
  -2.7752612545171229     
  -2.7229462713918906     
  -2.6771213359683403     
  -2.6374877142134050     
  -2.6037209656997833     
  -2.5754755576835349     
  -2.5523898033477663     
  -2.5340909342804370     
  -2.5202001230201296     
  -2.5103372897000611     
  -2.5041255543928642     
  -2.5011952299961555     
  -2.5011872856608632     
  -2.5037562445898853     
  -2.5085725100634320     
  -2.5153241382433711     
  -2.5237180950129949     
  -2.5334810468756581     
  -2.5443597433374663     
  -2.5561210511007300     
  -2.5685516997838866     
  -2.5814577957323110     
  -2.5946641556641543     
  -2.6628150353067102     
  -2.7211790928345794     
  -2.7638220911145517     
  -2.7894757201056444     
  -2.7995224174960778     
  -2.7966396863950553     
  -2.7839378291189361     
  -2.7644459117216740     
  -2.7408375796978137     
  -2.7295603253046279     
  -2.7059454448104705     
  -2.6823460462281337     
  -2.6595310589998795     
  -2.6378724834324809     
  -2.6174669303086144     
  -2.5982383394356532     
  -2.5800167574763613     
  -2.5625936630137978     
  -2.5457573822772948     
  -2.5293133670306553     
  -2.4504636398683628     
  -2.3679644976543455     
  -2.2795415695856898     
  -2.1857196675079718     
  -2.0883451598536618     
  -1.9896533484369940     
  -1.8917404382848255     
  -1.7963585068392722     
  -1.6173144622543090     
  -1.4608081085477671     
  -1.3299745829730649     
  -1.2258583477120988     
  -1.1486165140185161     
  -1.0981985278080750     
