          1        1.000 -16.150000000000   0.020000000000  -1.029166900000  -0.301683900000  -0.004012285700  -0.105074250000  -0.304968120000  -0.633275000000  -0.888315400000  -1.084465300000  -1.234584100000  -1.350025200000  -1.440263700000  -1.570812600000  -1.664133200000  -1.734275500000  -1.786457800000  -1.812095200000  -1.827773500000  -1.836791400000  -1.840378900000  -1.839623700000  -1.835424100000  -1.779531500000  -1.691950600000  -1.586685800000  -1.475543600000  -1.367597700000  -1.269638700000  -1.183919700000  -1.111343900000  -1.052582700000  -1.008235000000
          1        2.000 -13.750000000000   0.020000000000 -13.237827442123 -10.640053762155  -8.114470388756  -5.894305750798  -3.793277861636  -1.503039378957  -0.955211593275  -1.047004430257  -1.191872826165  -1.313875315443  -1.411509383675  -1.553413090491  -1.652693178589  -1.725281283050  -1.778567554549  -1.805081258364  -1.822236682487  -1.832546617002  -1.837038762058  -1.836880257100  -1.832814129879  -1.777968446109  -1.691082076671  -1.586398723693  -1.475657689426  -1.367864372756  -1.269963923836  -1.184266571681  -1.111705753940  -1.052957543230  -1.008615284498
          1        3.000 -10.400000000000   0.060000000000 -10.271522875169  -9.503953437630  -8.543866817018  -7.494365767380  -6.194497257069  -4.087255683596  -2.499705005883  -1.613161589725  -1.325840019676  -1.322540248993  -1.392993873152  -1.537033328827  -1.641569067939  -1.717099260798  -1.772402534222  -1.799954088464  -1.817611633342  -1.828575789227  -1.833778604660  -1.834152184212  -1.830500319628  -1.776647524904  -1.690348691434  -1.586154810739  -1.475767986804  -1.368128501199  -1.270288150576  -1.184613266377  -1.112067565074  -1.053332204968  -1.008995304120
          1        4.000  -6.450000000000   0.140000000000  -7.238207453712  -7.227363722721  -7.021562194405  -6.656841826659  -6.045702794980  -4.806569628531  -3.591217002472  -2.586364323626  -1.911305149508  -1.573445324453  -1.467926159526  -1.530751284381  -1.630607333136  -1.708593062561  -1.766012887173  -1.794614020402  -1.812999649845  -1.824615434249  -1.830441459869  -1.831376021561  -1.828249678713  -1.775476695269  -1.689700583834  -1.585937225964  -1.475874192878  -1.368390123230  -1.270611375461  -1.184959768654  -1.112429326825  -1.053706689144  -1.009375066855
          1        5.000  -1.150000000000   0.440000000000  -5.765662100516  -5.850545118461  -5.818556470113  -5.678426495626  -5.377501179975  -4.673706696366  -3.877712806607  -3.101898530307  -2.444560040415  -1.971093503032  -1.694359981259  -1.567768283749  -1.626875310825  -1.700748426045  -1.759497323284  -1.789137783902  -1.808320993949  -1.820622775997  -1.827069653896  -1.828579727230  -1.826000295210  -1.774398113194  -1.689107214583  -1.585735859295  -1.475976261628  -1.368649235228  -1.270933580156  -1.185306061045  -1.112791032048  -1.054080996915  -1.009754576682
          1        6.000   1.400000000000   0.560000000000  -4.871001742247  -4.984307555008  -5.013907397299  -4.964491517309  -4.805948094476  -4.381524610629  -3.851023016400  -3.282801940051  -2.743431895919  -2.289304134759  -1.956535063960  -1.660433661798  -1.642078459351  -1.696992485731  -1.753529899632  -1.783679605258  -1.803584794990  -1.816584208351  -1.823665853625  -1.825760919046  -1.823726970745  -1.773372935832  -1.688548651903  -1.585544267732  -1.476074298703  -1.368905834513  -1.271254746734  -1.185652126332  -1.113152673550  -1.054455129296  -1.010133837433
          1        7.000   6.400000000000   0.000000000000   6.388188827449  -1.361873729550  -3.041740146248  -3.801566343928  -4.077195985617  -4.014860812729  -3.706264002765  -3.304616860379  -2.882955147694  -2.491932603732  -2.168014237708  -1.782472342043  -1.680651933026  -1.701677390311  -1.749594611040  -1.778722400446  -1.798920836285  -1.812523698078  -1.820230502308  -1.822912560416  -1.821418037870  -1.772374906976  -1.688011715087  -1.585358314903  -1.476168510710  -1.369159944286  -1.271574867284  -1.185997949854  -1.113514244783  -1.054829088712  -1.010512854949
          1        8.000   5.700000000000   0.000000000000   5.697950343477   2.426802021056  -0.301258853097  -1.280428469334  -2.035656753303  -2.813082696967  -3.093326912499  -3.059545799721  -2.853696072071  -2.579853765590  -2.307652958359  -1.903590135331  -1.737041112406  -1.717123895015  -1.749439314887  -1.775086082844  -1.794645277206  -1.808539435300  -1.816785675358  -1.820033769855  -1.819067689190  -1.771386671213  -1.687487953042  -1.585175422369  -1.476259079261  -1.369411563312  -1.271893922603  -1.186343514628  -1.113875738449  -1.055202875455  -1.010891632084
          1        9.000   1.750000000000   0.000000000000   1.750030214377   1.140431826011   0.152239568857  -0.572748393945  -1.193959930963  -1.984466076195  -2.433903931855  -2.623005729657  -2.625706160123  -2.511727508112  -2.341929014725  -1.997979780704  -1.800282070349  -1.742468935737  -1.754288902639  -1.773708426680  -1.791259060613  -1.804841688413  -1.813402543923  -1.817141582988  -1.816675542432  -1.770396107077  -1.686971706181  -1.584993912449  -1.476346122217  -1.369660646942  -1.272211872718  -1.186688798093  -1.114237145355  -1.055576486374  -1.011270167071
          1       10.000  -6.000000000000   0.240000000000  -0.263580822919  -0.003869778755  -0.040920279223  -0.428674923294  -0.881247564922  -1.547390866970  -1.998246322647  -2.261629726201  -2.372130825394  -2.369049228892  -2.292471196378  -2.049179577629  -1.857382292268  -1.773463855706  -1.763891048297  -1.775062344548  -1.789206481293  -1.801690694256  -1.810200183746  -1.814280295469  -1.814253351721  -1.769395432229  -1.686458872658  -1.584812662613  -1.476429941365  -1.369907301045  -1.272528742959  -1.187033794757  -1.114598461538  -1.055949928371  -1.011648471943
          1       11.000 -14.050000000000   0.240000000000  -0.837135480517  -0.051000354374  -0.106877268340  -0.399773219828  -0.755321194875  -1.313674336031  -1.726077060474  -2.002295244904  -2.159078532898  -2.218651288834  -2.206355028230  -2.059633542493  -1.898534594567  -1.804635087508  -1.777084984274  -1.779268526527  -1.788876935874  -1.799396148422  -1.807353518121  -1.811528100386  -1.811825660888  -1.768378812376  -1.685946825378  -1.584630947068  -1.476510553655  -1.370151434128  -1.272844469947  -1.187378475451  -1.114959675404  -1.056323194253  -1.012026539599
          1       12.000 -19.200000000000   0.250000000000  -2.050579872136  -1.011456623860  -0.442844906110  -0.441000447270  -0.694913711728  -1.169153565317  -1.543481997215  -1.814291469997  -1.990138468338  -2.084481081497  -2.113889442131  -2.044386298050  -1.922185843009  -1.831229649054  -1.791647835911  -1.785650445680  -1.790262342177  -1.798133757147  -1.805020132942  -1.808979366719  -1.809435360913  -1.767343422570  -1.685433570113  -1.584448280675  -1.476588167001  -1.370393119817  -1.273159063877  -1.187722830859  -1.115320781582  -1.056696288009  -1.012404378150
          1       13.000 -19.250000000000   0.270000000000  -3.649994087306  -2.661776094029  -1.896939217157  -1.395048833761  -1.141017841313  -1.191240742090  -1.441918472078  -1.680185906913  -1.857583078753  -1.970202228172  -2.026335541747  -2.015075074649  -1.931070458924  -1.850978940732  -1.805574809239  -1.793241821393  -1.793084506028  -1.797940781254  -1.803314662962  -1.806728361653  -1.807137608197  -1.766288054101  -1.684917691849  -1.584264327321  -1.476662897448  -1.370632379335  -1.273472511648  -1.188066845522  -1.115681772659  -1.057069209733  -1.012781990426
          1       14.000 -13.650000000000   0.330000000000  -3.845110866538  -3.352419597828  -2.870629214103  -2.448192545033  -2.054508010594  -1.647720749438  -1.568772192228  -1.655370073589  -1.779221145905  -1.883033519560  -1.949935162657  -1.979338932312  -1.929033488087  -1.863585236304  -1.817497767701  -1.801057220466  -1.796873852199  -1.798700376060  -1.802275306213  -1.804847209138  -1.804992110160  -1.765213238530  -1.684398119182  -1.584078839295  -1.476734843132  -1.370869235232  -1.273784801011  -1.188410504257  -1.116042641204  -1.057441959393  -1.013159379114
          1       15.000 -12.550000000000   0.380000000000  -3.956364715160  -3.564958121176  -3.206128376745  -2.889620495583  -2.562419280573  -2.117383963554  -1.867555126715  -1.783009508762  -1.797464765202  -1.848850709206  -1.899070115564  -1.944022238365  -1.919851068302  -1.869861317828  -1.826749822674  -1.808314211621  -1.801112311818  -1.800187103014  -1.801860261126  -1.803371369263  -1.803052509212  -1.764121175832  -1.683874029489  -1.583891622294  -1.476804086502  -1.371103710903  -1.274095920554  -1.188753792165  -1.116403379783  -1.057814536837  -1.013536546761
          1       16.000  -5.800000000000   0.440000000000  -3.615604716973  -3.471461042538  -3.286701173090  -3.085188405781  -2.836506497317  -2.436419800814  -2.142256839965  -1.966984468029  -1.889989029817  -1.874870981537  -1.887372402449  -1.917599820272  -1.907705180773  -1.871260154778  -1.833224599351  -1.814509971350  -1.805341030963  -1.802129706567  -1.801966002490  -1.802296145334  -1.801357195639  -1.763015588392  -1.683344798590  -1.583702513745  -1.476870696473  -1.371335830189  -1.274405859686  -1.189096694637  -1.116763980955  -1.058186941796  -1.013913495776
          1       17.000  -1.500000000000   0.710000000000  -3.178556835189  -3.156559182701  -3.092759073425  -2.998316226728  -2.853237819170  -2.574472528424  -2.322614415142  -2.129710013176  -2.004894797996  -1.938346665700  -1.910865334044  -1.906134637518  -1.897058065103  -1.869756023808  -1.837262496590  -1.819424468460  -1.809218992452  -1.804265515733  -1.802455159413  -1.801582694250  -1.799924146960  -1.761901447785  -1.682809978549  -1.583511369800  -1.476934730343  -1.371565617050  -1.274714608607  -1.189439197361  -1.117124437282  -1.058559173885  -1.014290228432
          1       18.000   1.500000000000   0.790000000000  -2.846098796913  -2.881063123652  -2.877229939036  -2.842071838388  -2.765139748378  -2.588354987751  -2.401238866242  -2.232961260656  -2.100851588429  -2.009568307742  -1.953781277163  -1.910012164458  -1.891253510161  -1.867513224771  -1.839553603114  -1.823102655293  -1.812550217248  -1.806378986852  -1.803184016007  -1.801169310541  -1.798750419064  -1.760784581227  -1.682269291334  -1.583318058049  -1.476996235458  -1.371793095305  -1.275022158273  -1.189781286326  -1.117484741332  -1.058931232605  -1.014666746862
          1       19.000   4.400000000000   0.000000000000   4.388039435056  -1.284242657879  -2.192947557811  -2.496794355852  -2.576177927263  -2.528789142112  -2.412139866614  -2.282278773808  -2.163972164219  -2.068759299389  -1.999421887065  -1.924841093860  -1.891485829651  -1.866308769919  -1.840958389649  -1.825808075199  -1.815292371020  -1.808327615043  -1.804025136231  -1.800983059953  -1.797813792447  -1.759671132078  -1.681722675797  -1.583122473043  -1.477055269990  -1.372018306251  -1.275328509940  -1.190122951299  -1.117844887000  -1.059303118725  -1.015043054725
          1       20.000   3.850000000000   0.000000000000   3.848430790642   1.343720414070  -0.436496309076  -1.084853582269  -1.573601700400  -2.054208015017  -2.226265868522  -2.237042514220  -2.179394878248  -2.104762030576  -2.036851059592  -1.944789063599  -1.897033056275  -1.867135786074  -1.842257690041  -1.827909410240  -1.817524249681  -1.810048349128  -1.804885297946  -1.800955145127  -1.797081460472  -1.758567001192  -1.681170228441  -1.582924517520  -1.477111881606  -1.372241287817  -1.275633664598  -1.190464182336  -1.118204868263  -1.059674832763  -1.015419155290
          1       21.000   1.050000000000   0.000000000000   1.005741619275   0.569736115510  -0.104143933156  -0.598025791103  -1.040951650487  -1.594474666570  -1.907792555907  -2.056140350303  -2.099763492195  -2.085791930396  -2.047308610258  -1.962803372556  -1.905994652816  -1.870262925165  -1.844032376490  -1.829779835325  -1.819389828775  -1.811538225031  -1.805707311419  -1.801031446861  -1.796522105339  -1.757478409752  -1.680611957123  -1.582723988045  -1.477166004043  -1.372461978133  -1.275937569428  -1.190804949407  -1.118564671244  -1.060046367322  -1.015795042457
          1       22.000  -5.750000000000   0.200000000000  -0.659393083017  -0.034952026268  -0.128567719171  -0.452922877914  -0.806664398168  -1.315338780842  -1.657492162435  -1.867341027376  -1.978123637124  -2.020900487729  -2.022189482952  -1.970171570086  -1.914852116799  -1.874964220656  -1.846494421823  -1.831721936411  -1.821083839168  -1.812862514183  -1.806475524396  -1.801167140569  -1.796091715357  -1.756409489051  -1.680048487679  -1.582520900111  -1.477217766179  -1.372680499225  -1.276240273204  -1.191145260447  -1.118924296598  -1.060417729411  -1.016170727199
          1       23.000 -12.350000000000   0.220000000000  -1.014025797750  -0.343137874247  -0.198775467390  -0.414325807848  -0.700851163202  -1.150418707167  -1.482588578969  -1.712309460473  -1.857841770291  -1.938637205968  -1.973415295276  -1.962798255247  -1.919703410017  -1.879852069199  -1.849514372714  -1.833881924613  -1.822753653206  -1.814094043310  -1.807199842858  -1.801342029509  -1.795763956155  -1.755365205082  -1.679480112537  -1.582315046758  -1.477267075078  -1.372896773016  -1.276541714963  -1.191485081828  -1.119283728695  -1.060788910091  -1.016546201764
          1       24.000 -16.850000000000   0.230000000000  -2.420683797288  -1.547441406960  -0.974104510555  -0.727327867142  -0.760759924145  -1.064811201240  -1.361718911571  -1.591151727256  -1.752692337052  -1.856697403186  -1.915766951337  -1.943676935356  -1.918623121037  -1.883293083084  -1.852571946081  -1.836196159702  -1.824476006697  -1.815305535407  -1.807908705416  -1.801548059480  -1.795512933362  -1.754348086348  -1.678907588024  -1.582106413730  -1.477313995197  -1.373110868908  -1.276841916826  -1.191824411821  -1.119642964298  -1.061159912184  -1.016921472125
          1       25.000 -19.400000000000   0.270000000000  -4.017888801329  -3.055180473203  -2.301661659279  -1.771362946805  -1.411663790896  -1.231002959434  -1.343088821349  -1.516940123090  -1.669927803917  -1.783109541937  -1.857602070841  -1.917071461434  -1.911673235358  -1.884222006479  -1.855057326266  -1.838444942558  -1.826226066995  -1.816529987891  -1.808627185197  -1.801787231705  -1.795324209047  -1.753360226019  -1.678331640556  -1.581894945379  -1.477358533509  -1.373322805747  -1.277140873900  -1.192163238568  -1.120001996136  -1.061530734470  -1.017296539499
          1       26.000 -14.600000000000   0.320000000000  -4.244560395222  -3.730569855531  -3.224844691436  -2.769954527925  -2.318168580329  -1.774977023196  -1.562628597670  -1.561249493616  -1.641969557779  -1.733289868334  -1.807631578255  -1.887155295273  -1.899993741638  -1.882269163728  -1.856479822123  -1.840348108935  -1.827899484282  -1.817753477818  -1.809364738821  -1.802062512735  -1.795189832792  -1.752402978366  -1.677753059163  -1.581680605251  -1.477400694104  -1.373532601414  -1.277438581718  -1.192501550511  -1.120360816982  -1.061901375637  -1.017671404978
          1       27.000 -12.350000000000   0.390000000000  -4.250453950237  -3.868306221902  -3.502483324265  -3.165815311815  -2.799127624189  -2.263447564349  -1.915292425267  -1.747996466502  -1.709182183764  -1.735875006861  -1.782702703839  -1.859706424665  -1.885478637371  -1.877648964738  -1.856571058268  -1.841656838949  -1.829354311834  -1.818921884044  -1.810109008230  -1.802371235914  -1.795104954793  -1.751477127118  -1.677172670432  -1.581463377573  -1.477440478795  -1.373740272827  -1.277735036196  -1.192839336388  -1.120719419648  -1.062271834283  -1.018046069530
          1       28.000  -7.100000000000   0.490000000000  -3.872968856411  -3.706793629145  -3.507007005938  -3.291428441696  -3.020916647839  -2.568766586572  -2.209921539911  -1.970083483734  -1.842101480262  -1.795994827140  -1.796475584010  -1.842750955003  -1.871154533370  -1.871155467536  -1.855320349695  -1.842213066700  -1.830454157679  -1.819958818022  -1.810827825381  -1.802701655766  -1.795064275245  -1.750583030787  -1.676591316467  -1.581243268135  -1.477477887712  -1.373945835945  -1.278030233596  -1.193176585234  -1.121077796993  -1.062642108918  -1.018420534002
          1       29.000  -1.250000000000   0.860000000000  -3.432267324253  -3.393497420583  -3.311296463439  -3.197259245925  -3.026369543711  -2.698705940307  -2.395618339654  -2.152637209450  -1.984791746831  -1.887488916156  -1.843457281205  -1.841859320720  -1.860716306158  -1.864197089112  -1.853015490029  -1.841993235961  -1.831104767125  -1.820787050222  -1.811476984756  -1.803033094286  -1.795059423254  -1.749720717763  -1.676009836566  -1.581020304569  -1.477512919893  -1.374149305794  -1.278324170496  -1.193513286369  -1.121435941924  -1.063012197966  -1.018794799120
          1       30.000   1.900000000000   0.880000000000  -3.064340755001  -3.089698386608  -3.073849947583  -3.024397937122  -2.926894217837  -2.709370878779  -2.479430074445  -2.269355361712  -2.100266125436  -1.980378437616  -1.906449338018  -1.856681126485  -1.856903229324  -1.858473112189  -1.850232563286  -1.841138896207  -1.831285387991  -1.821350164221  -1.812011115504  -1.803339029492  -1.795077875227  -1.748889924054  -1.675429052465  -1.580794536067  -1.477545573865  -1.374350696499  -1.278616843752  -1.193849429394  -1.121793847397  -1.063382099769  -1.019168865492
          1       31.000   4.700000000000   0.000000000000   2.994479521135  -1.422569997754  -2.354455944916  -2.653131810368  -2.720906500145  -2.643812334199  -2.492490425328  -2.327785087544  -2.177685977172  -2.056470652349  -1.968841865140  -1.882199560048  -1.860369200905  -1.855357660402  -1.847687583654  -1.839941554933  -1.831068591416  -1.821633522535  -1.812397007013  -1.803592833428  -1.795103619552  -1.748089859583  -1.674849739798  -1.580566052421  -1.477575866018  -1.374550036699  -1.278908259967  -1.194185008510  -1.122151508319  -1.063751814016  -1.019542735091
          1       32.000   4.450000000000   0.000000000000   4.448195357004   1.629498792822  -0.414256647801  -1.106714306842  -1.621232360312  -2.119313342286  -2.287147456107  -2.280858947316  -2.200973305955  -2.104835623543  -2.019854757270  -1.912170549762  -1.869940769394  -1.855500429665  -1.846014052338  -1.838759045482  -1.830603114189  -1.821670121282  -1.812622669137  -1.803773783913  -1.795119655457  -1.747319426577  -1.674272612337  -1.580334960968  -1.477603814419  -1.374747354825  -1.279198426622  -1.194520018743  -1.122508919977  -1.064121340464  -1.019916409857
          1       33.000   0.450000000000   0.000000000000   0.481239651067   0.377836393900  -0.082661920285  -0.586848172985  -1.045758762555  -1.619398877842  -1.939912529963  -2.084861543054  -2.118082198681  -2.090669795094  -2.039278961318  -1.939016504946  -1.883334267233  -1.858900884430  -1.845676468785  -1.837951294399  -1.830083540077  -1.821531068543  -1.812696159226  -1.803868035049  -1.795109101363  -1.746578362868  -1.673698466155  -1.580101282739  -1.477629339970  -1.374942594482  -1.279487298903  -1.194854431039  -1.122866066913  -1.064490670829  -1.020289883470
          1       34.000  -7.000000000000   0.180000000000  -1.108230851236  -0.332819199394  -0.129734593269  -0.450548928884  -0.808525123622  -1.326034311616  -1.673399823841  -1.883394301449  -1.989750100061  -2.025119608646  -2.018061423661  -1.953221043170  -1.896579741634  -1.864538882884  -1.846721917789  -1.837749025927  -1.829705818282  -1.821327285562  -1.812661054787  -1.803881704408  -1.795061604616  -1.745863972805  -1.673127819556  -1.579865239322  -1.477652539512  -1.375135848154  -1.279774925405  -1.195188259777  -1.123222952885  -1.064859810906  -1.020663163988
          1       35.000 -14.300000000000   0.200000000000  -2.898877933487  -1.928376452375  -1.176893358087  -0.822721239416  -0.838931324800  -1.178772096148  -1.495798624802  -1.722355910133  -1.864743160934  -1.940951299952  -1.970325726126  -1.950339751757  -1.905225723643  -1.870736605579  -1.848908655952  -1.838265160563  -1.829631810015  -1.821170364819  -1.812570020433  -1.803828163915  -1.794970589997  -1.745175653984  -1.672561456767  -1.579626854277  -1.477673299996  -1.375327026946  -1.280061241309  -1.195521466234  -1.123579557800  -1.065228749033  -1.021036241756
          1       36.000 -17.350000000000   0.240000000000  -3.873007693354  -3.031196290741  -2.370273656356  -1.898712046861  -1.566530076925  -1.377458751869  -1.469065158602  -1.628331196969  -1.765978610210  -1.860233990782  -1.913626888346  -1.934188025714  -1.907165907982  -1.875551999748  -1.851534206884  -1.839344638366  -1.829911643774  -1.821148260202  -1.812486389782  -1.803736880226  -1.794840761135  -1.744510598673  -1.671999798538  -1.579386343745  -1.477691692000  -1.375516195928  -1.280346279124  -1.195854057721  -1.123935882191  -1.065597488377  -1.021409122060
