   1.0000000000000000     
  -17.350000000000001     
  -17.349926578860213     
  -17.349853157727864     
  -17.349779736610387     
  -17.349706315515213     
  -17.349632894449783     
  -17.349596183931009     
  -17.349559473422460     
  -17.349522762925069     
  -17.349486052439762     
  -17.349449341967468     
  -17.349412631509111     
  -17.349375921065626     
  -11.230971306907861     
  -5.1383865432515989     
  -4.9680866950871057     
  -4.7991342833499493     
  -4.6346879456520211     
  -4.4748620852556478     
  -4.3197683733297589     
  -4.1695153583611315     
  -4.0242080308055765     
  -3.8839473383498828     
  -3.7488296473822826     
  -3.6189461468008366     
  -3.4943821912076545     
  -3.3752165819276896     
  -3.2615207862351401     
  -3.1533580977346340     
  -3.0507827440658564     
  -2.9538389519703663     
  -2.8625599842039833     
  -2.7769671676392793     
  -2.6970689369239520     
  -2.6228599228816698     
  -2.4661042282433132     
  -2.3247586470348449     
  -2.1993384890118142     
  -2.0895033050634906     
  -1.9947416350419687     
  -1.9143714522905400     
  -1.8475510377012503     
  -1.7933004293965125     
  -1.7505319368769907     
  -1.7180867552712416     
  -1.6947738746844103     
  -1.6794074487851529     
  -1.6708394843523178     
  -1.6679858488155186     
  -1.6698448133953749     
  -1.6755083760475573     
  -1.6841672993569028     
  -1.6951111412960254     
  -1.7077246199542806     
  -1.7214815345557495     
  -1.7359372547344454     
  -1.7507205547530889     
  -1.7655253497186347     
  -1.7801027063849251     
  -1.7942533572704917     
  -1.8078208410399883     
  -1.8206853183164062     
  -1.8327580633328664     
  -1.8439766016285917     
  -1.8543004469570474     
  -1.8637073825132762     
  -1.8969118107933061     
  -1.9106387039114425     
  -1.9107079560471985     
  -1.9026500859723470     
  -1.8907313331088600     
  -1.8777565844921202     
  -1.8652591537864909     
  -1.8538432791416928     
  -1.8435377552129804     
  -1.8406834654416888     
  -1.8354048796876927     
  -1.8304884786726927     
  -1.8258175338033376     
  -1.8212982543218488     
  -1.8168612584467501     
  -1.8124584336882954     
  -1.8080578088685479     
  -1.8036381326561326     
  -1.7991841024898194     
  -1.7946826445269604     
  -1.7712613911306117     
  -1.7438667107973487     
  -1.7106672879098785     
  -1.6714432901009093     
  -1.6271342333735872     
  -1.5791438683448222     
  -1.5289060982776705     
  -1.4777077243841310     
  -1.3757033648160175     
  -1.2806300369988628     
  -1.1961860256235874     
  -1.1242919194302119     
  -1.0659660267724522     
  -1.0217818047330147     
