          1        1.000 -15.900000000000   0.020000000000  -3.638748600000  -2.495525600000  -1.730943600000  -1.313544000000  -1.172575100000  -1.275585900000  -1.511784100000  -1.773938400000  -2.018086200000  -2.228051400000  -2.399667700000  -2.634951800000  -2.759585600000  -2.814501500000  -2.831672000000  -2.832263000000  -2.824159900000  -2.810687800000  -2.793144700000  -2.771644400000  -2.746245000000  -2.571964300000  -2.359688500000  -2.141195000000  -1.934089900000  -1.747292800000  -1.586442700000  -1.453145900000  -1.347542500000  -1.269431600000  -1.218719100000
          1        2.000 -13.400000000000   0.020000000000 -12.895211554942 -10.283333027165  -7.718885135556  -5.496236939289  -3.753556962651  -2.575809252975  -2.043719591127  -1.933354206146  -2.016593338889  -2.160886326469  -2.308903820567  -2.548907532963  -2.698509755144  -2.778179817154  -2.813221641574  -2.822154047247  -2.818972147205  -2.807165278862  -2.790011971582  -2.768511200734  -2.742730685887  -2.570054318124  -2.359377143871  -2.141762163691  -1.934810733850  -1.748004972949  -1.587191127353  -1.453892342604  -1.348278043632  -1.270159939309  -1.219445316852
          1        3.000  -9.950000000000   0.060000000000  -9.833835519375  -9.034668005883  -7.904569595356  -6.637411496540  -5.376640817287  -4.217993309220  -3.330801404277  -2.751289072635  -2.448075146061  -2.343662217400  -2.353859832649  -2.503980466713  -2.648198245531  -2.741768505679  -2.791552837521  -2.808818347903  -2.811796368192  -2.802826405057  -2.786706143551  -2.765456040049  -2.739795688715  -2.568444620386  -2.359107217313  -2.142233755622  -1.935490828337  -1.748717719547  -1.587938583737  -1.454638574353  -1.349013721660  -1.270888456846  -1.220171693451
          1        4.000  -5.700000000000   0.140000000000  -6.876640273013  -6.915872790233  -6.641491593580  -6.140883123114  -5.496816410164  -4.768093355877  -4.074998530148  -3.488316975953  -3.047435292842  -2.758680552018  -2.601209439315  -2.549612777506  -2.627526773997  -2.711733399628  -2.768882609918  -2.793001675533  -2.802419060910  -2.797145096727  -2.782772148191  -2.762265878121  -2.737061624117  -2.567028273622  -2.358858190117  -2.142638369694  -1.936140317750  -1.749430058879  -1.588685114553  -1.455384584931  -1.349749526054  -1.271617150884  -1.220898230675
          1        5.000  -0.650000000000   0.390000000000  -5.395962954296  -5.578855170180  -5.570591267149  -5.402648387193  -5.108276786880  -4.707754499988  -4.263498817255  -3.826980746576  -3.439198102809  -3.126694129177  -2.899974759222  -2.681823247671  -2.657119609037  -2.701682949178  -2.751254803598  -2.777396805670  -2.791614811242  -2.790183607035  -2.778097492996  -2.758809355689  -2.734349879501  -2.565734699962  -2.358617622610  -2.142995690111  -1.936766452161  -1.750141287386  -1.589430740963  -1.456130365166  -1.350485448905  -1.272346019595  -1.221624929266
          1        6.000   1.900000000000   0.410000000000  -4.462109187021  -4.698955261833  -4.806608439155  -4.796644930801  -4.685104122786  -4.478685210081  -4.209390877982  -3.911813451239  -3.616962390277  -3.349649880299  -3.126663599940  -2.837398533308  -2.727028916409  -2.718014745595  -2.744987977716  -2.765976672091  -2.781054891882  -2.782447532601  -2.772729958500  -2.754987742200  -2.731529587005  -2.564516222368  -2.358378045573  -2.143319212142  -1.937374436249  -1.750850900028  -1.590175467279  -1.456875906456  -1.351221482438  -1.273075061065  -1.222351789831
          1        7.000   6.750000000000   0.000000000000   5.408300215070  -0.281577395066  -2.575686906446  -3.605043805809  -4.027101121562  -4.121231222510  -4.034282238316  -3.864318871742  -3.661262210116  -3.454796183251  -3.264187968935  -2.970513863319  -2.811529605265  -2.754849659681  -2.752075363153  -2.761820394311  -2.772831940179  -2.774894306708  -2.766966872765  -2.750810634521  -2.728514086604  -2.563339514771  -2.358135010718  -2.143618148095  -1.937968020251  -1.751558534221  -1.590919286239  -1.457621200382  -1.351957619005  -1.273804273289  -1.223078812845
          1        8.000   6.050000000000   0.000000000000   6.048636379395   3.329101349421   0.775370060417  -1.050506339815  -2.194297251355  -2.950405266237  -3.343455492283  -3.496461363964  -3.500345127280  -3.421335872231  -3.305209960158  -3.062165161129  -2.890030861943  -2.801094257160  -2.769855577072  -2.765554251376  -2.768492857758  -2.768624001108  -2.761327001878  -2.746428364160  -2.725279009891  -2.562180322824  -2.357885870889  -2.143898756899  -1.938549916986  -1.752263929873  -1.591662182749  -1.458366238455  -1.352693851084  -1.274533654182  -1.223805998652
          1        9.000   2.250000000000   0.000000000000   2.250153753466   1.784706452883   0.847160432133  -0.260401787333  -1.238457533528  -2.039661357313  -2.590339882762  -2.937783776094  -3.127806260120  -3.203648678787  -3.203474935057  -3.085020723091  -2.944432566215  -2.845365597799  -2.793319678634  -2.775625429831  -2.768491005921  -2.764465324949  -2.756388957345  -2.742102931648  -2.721875689300  -2.561020547429  -2.357629017558  -2.144165267818  -1.939122096751  -1.752966900785  -1.592404136558  -1.459111011960  -1.353430171261  -1.275263201581  -1.224533347470
          1       10.000  -5.450000000000   0.180000000000  -0.980898849542  -0.267159583581  -0.099392213526  -0.496203722199  -1.051043819343  -1.635046609637  -2.127684527440  -2.504036080393  -2.767378257941  -2.932845051697  -3.020275194354  -3.035912978762  -2.959966123411  -2.876100034656  -2.816185652068  -2.788966961395  -2.772141264457  -2.762692369466  -2.752580578729  -2.738119490575  -2.718421287049  -2.559847392768  -2.357363576239  -2.144420682904  -1.939686122644  -1.753667360571  -1.593145141498  -1.459855516811  -1.354166570931  -1.275992910410  -1.225260856538
          1       11.000 -13.600000000000   0.190000000000  -4.096136940491  -2.560348287756  -1.668605407084  -1.311957662565  -1.325476906368  -1.589775929598  -1.933459532764  -2.251881483636  -2.510958405575  -2.703608281595  -2.834149884663  -2.945304986824  -2.937617551549  -2.885695285944  -2.832090706007  -2.801661795086  -2.777974545268  -2.763118033423  -2.750147966272  -2.734739936783  -2.715073201351  -2.558651579338  -2.357088472390  -2.144666542320  -1.940242780551  -1.754365123330  -1.593885137914  -1.460599733881  -1.354903045559  -1.276722784071  -1.225988531537
          1       12.000 -18.750000000000   0.190000000000  -7.448258516310  -5.492090560232  -4.043302962126  -3.040578592023  -2.403239040992  -2.105325904854  -2.093863438722  -2.222257253519  -2.393022891781  -2.555543011128  -2.688184500228  -2.846990565155  -2.892495985525  -2.875970497878  -2.837925457834  -2.810289844730  -2.783878771511  -2.764900714956  -2.748953257423  -2.732080510570  -2.711985254051  -2.557429487206  -2.356803248195  -2.144904278803  -1.940792986761  -1.755060167738  -1.594624116293  -1.461343658178  -1.355639586557  -1.277452817307  -1.226716369465
          1       13.000 -18.900000000000   0.210000000000  -7.822349392110  -6.691509097849  -5.580686087988  -4.569234872502  -3.715084147402  -3.064383171568  -2.684120628200  -2.520964379864  -2.498970114205  -2.550071381473  -2.627134402263  -2.768815666184  -2.840848349446  -2.853420737390  -2.834112786890  -2.813254630773  -2.788095159911  -2.767000942108  -2.748608362288  -2.730109530089  -2.709265063732  -2.556181786593  -2.356507373295  -2.145134688402  -1.941337310192  -1.755752447857  -1.595362049915  -1.462087279550  -1.356376186799  -1.278183007671  -1.227444370055
          1       14.000 -13.250000000000   0.270000000000  -7.281130289341  -6.598886295921  -5.855898945759  -5.116169245070  -4.421047199581  -3.797918946333  -3.319820156657  -2.992989097013  -2.800791201675  -2.711602937467  -2.689837430745  -2.741214253978  -2.800884762214  -2.827155696666  -2.823631646329  -2.810808241704  -2.789641325391  -2.768482357637  -2.748592172344  -2.728660367429  -2.706948239589  -2.554913008615  -2.356200399100  -2.145358267226  -1.941876171319  -1.756441932305  -1.596098912203  -1.462830587491  -1.357112839198  -1.278913352649  -1.228172532929
          1       15.000 -12.050000000000   0.320000000000  -6.732301975081  -6.303178895793  -5.799671610246  -5.263910876610  -4.726577371892  -4.203955194595  -3.754031546436  -3.393932757626  -3.128195928529  -2.949795912166  -2.843391768097  -2.776729570857  -2.788861798382  -2.807744110307  -2.811341349506  -2.804805174567  -2.788474274539  -2.768762525331  -2.748414262165  -2.727492008915  -2.704994762906  -2.553630318394  -2.355881991282  -2.145575307601  -1.942409881313  -1.757128600158  -1.596834677031  -1.463573571168  -1.357849536686  -1.279643849660  -1.228900857595
          1       16.000  -5.100000000000   0.380000000000  -5.797298666447  -5.706265696599  -5.474255730747  -5.154603910390  -4.785420851416  -4.386085448699  -4.006890439643  -3.671495346728  -3.393700528236  -3.178306954985  -3.022573305043  -2.858088127331  -2.809102634939  -2.803144853217  -2.802626415239  -2.798207691326  -2.785459482864  -2.767746263149  -2.747749994523  -2.726364606434  -2.703307893444  -2.552341953891  -2.355551970324  -2.145785964341  -1.942938670367  -1.757812437939  -1.597569318917  -1.464316219453  -1.358586272209  -1.280374496063  -1.229629343451
          1       17.000  -1.100000000000   0.630000000000  -5.000325537475  -5.045433991844  -4.986438612166  -4.843353565660  -4.636355605492  -4.375493687187  -4.095738669300  -3.821622851274  -3.571551181102  -3.357286442114  -3.184230079288  -2.958805613779  -2.854335831346  -2.815395889448  -2.801282079935  -2.794026037018  -2.782065129131  -2.765826447989  -2.746522644741  -2.725108615123  -2.701767679766  -2.551055688257  -2.355210341765  -2.145990301035  -1.943462708273  -1.758493437409  -1.598302813150  -1.465058520960  -1.359323038715  -1.281105289149  -1.230357989790
          1       18.000   1.950000000000   0.640000000000  -4.415865813489  -4.538742789806  -4.570279112611  -4.526887485576  -4.423363167042  -4.264856813716  -4.072718415490  -3.866226691263  -3.661746110896  -3.471967230566  -3.305492112276  -3.056536764889  -2.912660991236  -2.841490918903  -2.808484167634  -2.794286056729  -2.779823919055  -2.763721178278  -2.744907056922  -2.723669564784  -2.700268623006  -2.549777675396  -2.354857305041  -2.146188322991  -1.943982119451  -1.759171593942  -1.599035135853  -1.465800464076  -1.360059829148  -1.281836226151  -1.231086795797
          1       19.000   4.750000000000   0.000000000000   4.745008583897  -1.350654299216  -3.151925277477  -3.835090255711  -4.058802515490  -4.070929422088  -3.978970073620  -3.841611812852  -3.686587590513  -3.530086071336  -3.382651191462  -3.137560946795  -2.972650517437  -2.875856763750  -2.823118859708  -2.799623913315  -2.779853224344  -2.762212952337  -2.743250131713  -2.722113692030  -2.698750222744  -2.548511891413  -2.354493264524  -2.146380017079  -1.944497005186  -1.759846912429  -1.599766267052  -1.466542037952  -1.360796636414  -1.282567303891  -1.231815760164
          1       20.000   4.200000000000   0.000000000000   4.198823016443   1.864247193194  -0.260586817027  -1.574608232987  -2.513562268316  -3.133884913454  -3.451409380303  -3.570332633715  -3.568583154063  -3.500988301522  -3.403561218947  -3.193913530131  -3.025933282616  -2.912713625254  -2.842793868413  -2.809511982124  -2.782663740759  -2.761931836879  -2.741952470387  -2.720595710354  -2.697210732366  -2.547260449175  -2.354118688336  -2.146565305428  -1.945007407003  -1.760519377933  -1.600496178564  -1.467283228745  -1.361533453492  -1.283298520172  -1.232544882664
          1       21.000   1.600000000000   0.000000000000   1.537968648848   0.982369163086   0.101451935259  -0.817206001352  -1.642241210836  -2.323643045734  -2.794379002033  -3.090805647117  -3.251842086802  -3.314727901300  -3.312000492109  -3.201506741662  -3.061641189918  -2.946054743126  -2.864481342165  -2.822596347539  -2.788138025407  -2.763214059335  -2.741354230120  -2.719307507850  -2.695703180055  -2.546024116478  -2.353734227140  -2.146744153591  -1.945513380238  -1.761188997719  -1.601224852068  -1.468024025288  -1.362270273231  -1.284029871686  -1.233274161786
          1       22.000  -5.250000000000   0.130000000000  -1.794024140466  -1.162496307007  -0.844166056931  -1.008630637752  -1.432335374176  -1.932757642662  -2.365615656947  -2.696925365449  -2.927836749808  -3.071612181988  -3.145738167301  -3.150208166214  -3.066760298164  -2.967917577811  -2.884197018065  -2.836827299340  -2.795616031569  -2.766053098960  -2.741646352512  -2.718415814636  -2.694312199512  -2.544803157932  -2.353340714939  -2.146916632051  -1.946015031512  -1.761855822898  -1.601952289791  -1.468764422829  -1.363007088701  -1.284761353117  -1.234003593577
          1       23.000 -11.850000000000   0.160000000000  -4.337085196335  -3.116854065175  -2.372548810894  -2.004825854964  -1.906868417905  -2.021392194084  -2.248630193234  -2.491431297411  -2.702631503701  -2.864453547051  -2.974646948459  -3.062744635657  -3.040205337051  -2.971911723656  -2.897198567985  -2.849369267777  -2.803952329235  -2.770176935011  -2.742899150428  -2.718058678920  -2.693142953805  -2.543599421870  -2.352938550607  -2.147082474712  -1.946512221801  -1.762519752840  -1.602678426890  -1.469504394432  -1.363743892459  -1.285492966035  -1.234733182235
          1       24.000 -16.350000000000   0.160000000000  -7.046046996676  -5.435191538261  -4.237669097047  -3.396433150468  -2.842513495694  -2.545370051245  -2.473814112309  -2.528998824827  -2.637148957571  -2.752868040553  -2.852358101440  -2.972193885253  -2.994977985401  -2.959428687596  -2.901080684300  -2.857654361562  -2.811551203664  -2.774888436310  -2.744924717007  -2.718259133150  -2.692276922221  -2.542415334898  -2.352528632747  -2.147241777274  -1.947005037387  -1.763180838471  -1.603403266742  -1.470243934999  -1.364480677390  -1.286224704944  -1.235462923597
          1       25.000 -19.100000000000   0.200000000000  -8.741773268639  -7.338377910480  -5.997975424725  -4.889812203777  -4.024655016121  -3.391889832732  -3.014623560505  -2.828823483180  -2.768549063275  -2.778421209369  -2.818817500330  -2.907900811646  -2.947644005884  -2.936876990939  -2.896534855670  -2.860555661624  -2.817066295108  -2.779351896168  -2.747367122574  -2.718938285663  -2.691757946165  -2.541255237695  -2.352111723521  -2.147394537405  -1.947493479683  -1.763839079717  -1.604126791023  -1.470983032172  -1.365217436269  -1.286956566640  -1.236192816169
          1       26.000 -14.250000000000   0.260000000000  -7.824948130666  -7.104274576011  -6.326440100076  -5.552707970382  -4.825086337098  -4.170563099806  -3.661920760140  -3.303527050469  -3.077815350029  -2.954220415068  -2.899367570707  -2.895052328358  -2.915385490577  -2.913364955048  -2.886787729841  -2.858658380590  -2.819836086965  -2.782839266630  -2.749784691672  -2.719921883639  -2.691574318327  -2.540124799464  -2.351688632324  -2.147540771528  -1.947977545285  -1.764494475999  -1.604848982040  -1.471721673580  -1.365954161844  -1.287688547855  -1.236922858370
          1       27.000 -11.850000000000   0.330000000000  -7.112594023377  -6.710732504745  -6.218549820630  -5.679802115630  -5.128922656569  -4.584694077133  -4.107811495506  -3.717329595511  -3.419103857043  -3.207478807608  -3.068651779324  -2.944432058570  -2.912541536095  -2.898758275139  -2.876688402710  -2.854023275944  -2.820071023895  -2.784960190338  -2.751785983188  -2.720989149347  -2.691658719182  -2.539030244021  -2.351260239763  -2.147680515822  -1.948457227478  -1.765147026162  -1.605569822680  -1.472459846852  -1.366690846827  -1.288420645262  -1.237653048526
          1       28.000  -6.400000000000   0.430000000000  -6.260388585861  -6.126119222753  -5.872547540663  -5.540251401540  -5.160178258123  -4.747571277680  -4.350822093883  -3.993224914973  -3.689329869872  -3.445282477706  -3.259927455958  -3.038699762698  -2.942698803109  -2.900362220959  -2.871397072089  -2.849644534221  -2.818801479307  -2.785781368417  -2.753148946205  -2.721938106847  -2.691905799297  -2.537977317096  -2.350827515866  -2.147813827186  -1.948932517488  -1.765796728461  -1.606289296366  -1.473197539630  -1.367427483899  -1.289152855468  -1.238383384879
          1       29.000  -0.800000000000   0.750000000000  -5.463155541451  -5.487920534404  -5.406886211536  -5.242085049204  -5.014165277134  -4.732803963346  -4.432971046194  -4.137873080930  -3.865110712181  -3.626317726662  -3.427368727117  -3.149307543788  -2.997408431729  -2.919567233295  -2.874429863449  -2.848461728996  -2.817573551196  -2.785813940966  -2.753890046098  -2.722645933517  -2.692202129453  -2.536970299168  -2.350391524170  -2.147940784307  -1.949403405555  -1.766443580556  -1.607007387015  -1.473934739585  -1.368164065713  -1.289885175022  -1.239113865582
          1       30.000   2.350000000000   0.000000000000   2.345522261187  -2.663566666759  -4.179611671704  -4.639071763470  -4.701245666737  -4.588389352321  -4.397001405736  -4.176548123025  -3.952631450184  -3.740881055863  -3.551019878973  -3.253587654898  -3.063638659182  -2.952513910506  -2.886537602867  -2.852321197889  -2.817918258904  -2.785846555382  -2.754259204680  -2.723106349080  -2.692459532766  -2.536011247174  -2.349953409774  -2.148061504132  -1.949869892915  -1.767087586697  -1.607724082528  -1.474671435716  -1.368900585064  -1.290617600152  -1.239844488355
          1       31.000   5.050000000000   0.000000000000   5.047968498279   1.729928396029  -0.740148858777  -2.119109804188  -3.053323423039  -3.626887591647  -3.882723952957  -3.937047651872  -3.874399537230  -3.753011751475  -3.610322235412  -3.335652526197  -3.129305184302  -2.993023380799  -2.906209305257  -2.861649360952  -2.820906372340  -2.786693678747  -2.754655582191  -2.723427458182  -2.692639989928  -2.535100397801  -2.349514355669  -2.148176081225  -1.950331948440  -1.767728729210  -1.608439360657  -1.475407613216  -1.369637034212  -1.291350127804  -1.240575251890
          1       32.000   4.800000000000   0.000000000000   4.798955034386   2.759152379089   0.806105190553  -0.745848573138  -1.804293250572  -2.598361293338  -3.106276049741  -3.400863969926  -3.539862246919  -3.571599955411  -3.535338819472  -3.363691026058  -3.179148148968  -3.033384843887  -2.930347208391  -2.875552044447  -2.826904156809  -2.788961476791  -2.755506471616  -2.723798677221  -2.692766741191  -2.534235939133  -2.349075564228  -2.148284681375  -1.950789575636  -1.768367011392  -1.609153210064  -1.476143261152  -1.370373405878  -1.292082754076  -1.241306153733
          1       33.000   1.000000000000   0.000000000000   1.043848596300   0.972595531043   0.431150443239  -0.348750328696  -1.188533644298  -1.935119359609  -2.494769512562  -2.888819254859  -3.144405356241  -3.289988072851  -3.352843139601  -3.317660563178  -3.193915803444  -3.062572081395  -2.953994382009  -2.891887582795  -2.835538826942  -2.792913890311  -2.757149573359  -2.724432293412  -2.692915162528  -2.533415446163  -2.348638196864  -2.148387479242  -1.951242769185  -1.769002429054  -1.609865616270  -1.476878367385  -1.371109692599  -1.292815475271  -1.242037191705
          1       34.000  -6.450000000000   0.150000000000  -1.870127939593  -1.082260882141  -0.647195313524  -0.735338992707  -1.138570904412  -1.656258424131  -2.131070772169  -2.517560815603  -2.808790787561  -3.011557241591  -3.138498376703  -3.219682378740  -3.170031634841  -3.072098044098  -2.971300357571  -2.907337128505  -2.845607334945  -2.798355931571  -2.759727211036  -2.725496489052  -2.693186319278  -2.532636136537  -2.348203284762  -2.148484769305  -1.951691605785  -1.769635029045  -1.610576591382  -1.477612929936  -1.371845888670  -1.293548286069  -1.242768361199
          1       35.000 -13.800000000000   0.160000000000  -4.808154636076  -3.329624452794  -2.389910153511  -1.888263183962  -1.711649344740  -1.805544642679  -2.053930035877  -2.334368066719  -2.588794813896  -2.794389815806  -2.945785670806  -3.100808640925  -3.116828460794  -3.060043248077  -2.977906865900  -2.918360136606  -2.855302244727  -2.804679460106  -2.763184676620  -2.727099541360  -2.693691876265  -2.531898737125  -2.347771949790  -2.148576575069  -1.952135927915  -1.770264704259  -1.611286069280  -1.478346916818  -1.372581983149  -1.294281185843  -1.243499664616
          1       36.000 -16.800000000000   0.200000000000  -7.345287762017  -5.675773851408  -4.385382591705  -3.443447346854  -2.798982979891  -2.437820441136  -2.342602647736  -2.404347616383  -2.535844029585  -2.682001680149  -2.813298998542  -2.989834637739  -3.050482481924  -3.031880725155  -2.973419410680  -2.922941250026  -2.862798917285  -2.810885573649  -2.767154977839  -2.729192653988  -2.694501164631  -2.531203653911  -2.347345085066  -2.148663236589  -1.952575819626  -1.770891501276  -1.611994062425  -1.479080325979  -1.373317970151  -1.295014169086  -1.244231097149
