   1.0000000000000000     
  -16.800000000000001     
  -16.799906778762189     
  -16.799813557539878     
  -16.799720336348567     
  -16.799627115203752     
  -16.799533894120934     
  -16.799487283608585     
  -16.799440673117548     
  -16.799394062649764     
  -16.799347452207165     
  -16.799300841791691     
  -16.799254231405275     
  -16.799207621049852     
  -16.799161010727371     
  -9.0307797419711999     
  -8.7127906079483726     
  -8.3969552947678920     
  -8.0884649809458189     
  -7.7875980819479445     
  -7.4946101005906369     
  -7.2097327806722680     
  -6.9331734066256612     
  -6.6651142515329100     
  -6.4057121740163714     
  -6.1550983627956466     
  -5.9133782261275130     
  -5.6806314219655460     
  -5.4569120235220261     
  -5.2422488140106944     
  -5.0366457037083716     
  -4.8400822620978730     
  -4.6525143577333017     
  -4.4738748985778276     
  -4.3040746658670068     
  -4.1430032349988029     
  -3.9812505588668259     
  -3.8301206566892843     
  -3.6901644448176052     
  -3.5612060237527068     
  -3.4430222085893885     
  -3.3353433902495215     
  -3.2378552019994729     
  -3.1502010387930213     
  -3.0719854344713911     
  -3.0027782530948324     
  -2.9421196004445056     
  -2.8895253155180076     
  -2.8444928649713690     
  -2.8065074401483288     
  -2.7750480489502611     
  -2.7495934035005689     
  -2.7296274274060135     
  -2.7146442398701067     
  -2.7041525135615450     
  -2.6976791444960218     
  -2.6947722113426051     
  -2.6950032356064018     
  -2.6979687813190232     
  -2.7032914525384766     
  -2.7106203593624967     
  -2.7196311291494224     
  -2.7300255404138234     
  -2.7415308537223044     
  -2.7538989081007825     
  -2.7669050440576135     
  -2.7803469061962152     
  -2.8513417579421008     
  -2.9133421238435160     
  -2.9593039943123043     
  -2.9873567620974097     
  -2.9986055662111988     
  -2.9956724961854948     
  -2.9817646207741419     
  -2.9601065228128611     
  -2.9336229971178680     
  -2.9208659107952224     
  -2.8939541906105970     
  -2.8669306738376039     
  -2.8407783283515990     
  -2.8160114635093807     
  -2.7928085746173319     
  -2.7711287552395061     
  -2.7508038892489473     
  -2.7316056358131813     
  -2.7132901602791279     
  -2.6956253768204079     
  -2.6139796584295527     
  -2.5305538561615424     
  -2.4415189703001170     
  -2.3469235780463436     
  -2.2485656203847837     
  -2.1487450109496922     
  -2.0496263593851363     
  -1.9530112901575063     
  -1.7715154155439286     
  -1.6127005575448932     
  -1.4798131455589851     
  -1.3740538421228736     
  -1.2957472318617866     
  -1.2449626563016798     
