          1        1.000 -16.100000000000   0.020000000000  -2.937450600000  -2.106820600000  -1.524576700000  -1.197602600000  -1.093827200000  -1.198630500000  -1.423912200000  -1.674804400000  -1.908977300000  -2.110397000000  -2.274990600000  -2.501015000000  -2.622385000000  -2.678571200000  -2.699591400000  -2.703537000000  -2.699442400000  -2.689278800000  -2.674252000000  -2.654655700000  -2.630771000000  -2.461624900000  -2.253158800000  -2.037762000000  -1.833403100000  -1.649261600000  -1.491050500000  -1.360190600000  -1.256557100000  -1.179720000000  -1.129446000000
          1        2.000 -13.550000000000   0.020000000000 -13.030339152318 -10.343621215903  -7.710404507065  -5.432696545718  -3.650405088344  -2.452008516431  -1.920477005229  -1.817168569888  -1.903259932580  -2.045721569502  -2.189746319828  -2.421496389722  -2.566499058395  -2.645425273594  -2.682420001217  -2.693661597947  -2.693860336424  -2.685225903637  -2.670673553648  -2.651217789591  -2.627060314905  -2.459652527839  -2.252812650477  -2.038310099623  -1.834118018527  -1.649969908176  -1.491789359291  -1.360919840486  -1.257268918078  -1.180420554210  -1.130143071357
          1        3.000 -10.200000000000   0.060000000000 -10.064302401723  -9.175458706056  -7.970850188086  -6.642369057573  -5.331331006997  -4.132278664924  -3.218224687604  -2.625205910210  -2.318897591939  -2.216295159293  -2.228568794735  -2.378355857990  -2.519794082776  -2.611957107886  -2.662414636140  -2.681098713296  -2.686703128827  -2.680584357347  -2.667017871809  -2.647877047358  -2.623923609660  -2.457988552043  -2.252513188594  -2.038765808168  -1.834792624070  -1.650678591016  -1.492527202808  -1.361648903780  -1.257980937735  -1.181121359506  -1.130840375927
          1        4.000  -5.900000000000   0.140000000000  -6.998365200200  -7.016236545007  -6.710811713452  -6.173046666557  -5.489604119865  -4.721978462650  -3.995868240418  -3.384210354542  -2.927175559327  -2.630247568567  -2.470233444790  -2.420504778339  -2.499572033358  -2.583743564124  -2.641272366302  -2.666233594033  -2.677607443981  -2.674790941686  -2.662826491713  -2.644427852293  -2.620983793718  -2.456522137047  -2.252237974882  -2.039156508531  -1.835436840018  -1.651386689307  -1.493264074018  -1.362377778416  -1.258693150270  -1.181822414045  -1.131537914561
          1        5.000  -0.800000000000   0.400000000000  -5.461496700172  -5.634261429947  -5.609504445853  -5.420235716834  -5.101227720344  -4.673572690403  -4.202973034844  -3.742889932225  -3.335891146779  -3.009432568657  -2.774052467665  -2.550919204582  -2.527600923523  -2.573789060278  -2.624462767783  -2.651419676606  -2.667205579985  -2.667871269594  -2.657997428945  -2.640758425892  -2.618073679995  -2.455180054708  -2.251973309711  -2.039501116369  -1.836057782711  -1.652093514367  -1.493999992811  -1.363106454068  -1.259405547105  -1.182523715876  -1.132235687967
          1        6.000   1.850000000000   0.430000000000  -4.570565040364  -4.792852572388  -4.872919479218  -4.831605923791  -4.689504511111  -4.454283071312  -4.159752182455  -3.840203280349  -3.526667855534  -3.244242875068  -3.009969741657  -2.709133995996  -2.596905262057  -2.589430692575  -2.618225512170  -2.640371365878  -2.656987767506  -2.660253681194  -2.652561778632  -2.636776900512  -2.615073692885  -2.453912961979  -2.251710882743  -2.039812640626  -1.836660572762  -1.652798571554  -1.494734962678  -1.363834920993  -1.260118119791  -1.183225262946  -1.132933696716
          1        7.000   6.700000000000   0.000000000000   6.694888251166  -0.384177490872  -2.805353272907  -3.770814555182  -4.105881545736  -4.134512181967  -4.006547230284  -3.808666558493  -3.584550835857  -3.361438981507  -3.157797358724  -2.847826812373  -2.682871299303  -2.625978985561  -2.624966358089  -2.636170086041  -2.648912503065  -2.652799648130  -2.646777777266  -2.632487499682  -2.611905715537  -2.452686526818  -2.251445721137  -2.040100124050  -1.837248997941  -1.653501523985  -1.495468983273  -1.364563171399  -1.260830858792  -1.183927051261  -1.133631939435
          1        8.000   6.000000000000   0.000000000000   5.998630021425   3.267865801856   0.709454846009  -1.098763182510  -2.228688525347  -2.965054914317  -3.334254408816  -3.462347101152  -3.442934302650  -3.343827557874  -3.211401480253  -2.946812644794  -2.764748559049  -2.673172069309  -2.642777706224  -2.639850863297  -2.644612466028  -2.646576389201  -2.641122262839  -2.628019529108  -2.608542645232  -2.451476574198  -2.251174710067  -2.040369325165  -1.837825544811  -1.654202081986  -1.496202024465  -1.365291192296  -1.261543758418  -1.184629082282  -1.134330420035
          1        9.000   2.150000000000   0.000000000000   2.150171171078   1.708316961099   0.788779395205  -0.297348323005  -1.259000269861  -2.044084765042  -2.577743742847  -2.907185202610  -3.079020941082  -3.137480455663  -3.121610565817  -2.978881686580  -2.824426040630  -2.719715464954  -2.666896246453  -2.650083069228  -2.644641097037  -2.642426049069  -2.636158226605  -2.623621851040  -2.605032491800  -2.450264791744  -2.250895996246  -2.040624528934  -1.838392273219  -1.654900080067  -1.496934073135  -1.366018975587  -1.262256809305  -1.185331351817  -1.135029136881
          1       10.000  -5.650000000000   0.200000000000  -0.956246965908  -0.225981406625  -0.109116837711  -0.517294611649  -1.065231126515  -1.636603457552  -2.114527891844  -2.475465670081  -2.723276429463  -2.873608248470  -2.946820056095  -2.938433465469  -2.846340721423  -2.754020900533  -2.691250874016  -2.664019573223  -2.648449656844  -2.640675985464  -2.632320281935  -2.619572275392  -2.601485898345  -2.449038671095  -2.250608524353  -2.040868654213  -1.838950735164  -1.655595437172  -1.497665123738  -1.366746515692  -1.262970001123  -1.186033853399  -1.135728085911
          1       11.000 -13.800000000000   0.200000000000  -4.152623869847  -2.592715346743  -1.685099652089  -1.319258405568  -1.326499953705  -1.583261451941  -1.916839373830  -2.223262128941  -2.469384434427  -2.648878566705  -2.766647203867  -2.855023110756  -2.830366322227  -2.767994926951  -2.709471199655  -2.677882848819  -2.654702315638  -2.641213526563  -2.629881823846  -2.616136513978  -2.598056346529  -2.447789241201  -2.250311088775  -2.041103189476  -1.839501708061  -1.656287966619  -1.498395115175  -1.367473793473  -1.263683330805  -1.186736592680  -1.136427275233
          1       12.000 -19.000000000000   0.210000000000  -5.276625281157  -4.075239811282  -3.179771498123  -2.554914141010  -2.160225575149  -1.997611362521  -2.038471503776  -2.179748575238  -2.347675771871  -2.501682281796  -2.624044555783  -2.762278758455  -2.790958486901  -2.762813577508  -2.718150084142  -2.688194423959  -2.661350450619  -2.643264847463  -2.628743940604  -2.613444754960  -2.594897738934  -2.446513211346  -2.250003152789  -2.041329528727  -1.840046105425  -1.656977651473  -1.499124038683  -1.368200802500  -1.264396788035  -1.187439562989  -1.137126700534
          1       13.000 -19.150000000000   0.230000000000  -6.560392782252  -5.385423475981  -4.406299119576  -3.626011367546  -3.029268864350  -2.618742509197  -2.415035234772  -2.360303518240  -2.394502280997  -2.469412117090  -2.552912518583  -2.685803649010  -2.743653208138  -2.744464137467  -2.717375045628  -2.693195036270  -2.666621689140  -2.645828068759  -2.628554440300  -2.611484806667  -2.592123328223  -2.445211555939  -2.249684138260  -2.041548441968  -1.840584494638  -1.657664448015  -1.499851867612  -1.368927531712  -1.265110365034  -1.188142761676  -1.137826361474
          1       14.000 -13.450000000000   0.290000000000  -6.564544989654  -5.818322443314  -5.067425522320  -4.370264714810  -3.756769728259  -3.247547735840  -2.894659050291  -2.682769821461  -2.581147628292  -2.554141914399  -2.569785530434  -2.646284004436  -2.703477501862  -2.720990049039  -2.709677545214  -2.692903323235  -2.669457563987  -2.647966394757  -2.628814096732  -2.610108770220  -2.589778306613  -2.443889157206  -2.249353573665  -2.041760405868  -1.841117295722  -1.658348326881  -1.500578575484  -1.369653969729  -1.265824054063  -1.188846186016  -1.138526257596
          1       15.000 -12.350000000000   0.340000000000  -6.072141509310  -5.612966203955  -5.120868694743  -4.620855148992  -4.134423003014  -3.677402667527  -3.303328551372  -3.023022848033  -2.833171483107  -2.719819330854  -2.663697009791  -2.653360276734  -2.682303482196  -2.700671887612  -2.698974877127  -2.688736976857  -2.669657545048  -2.649054877504  -2.629034115334  -2.609088152814  -2.587833532320  -2.442553652551  -2.249011121419  -2.041965697532  -1.841644819950  -1.659029269008  -1.501304136290  -1.370380104875  -1.266537847411  -1.189549833211  -1.139226388324
          1       16.000  -5.250000000000   0.400000000000  -5.301256921280  -5.175313197099  -4.926938713878  -4.609374367043  -4.258975417714  -3.894773714045  -3.563547313852  -3.283882819965  -3.064176285571  -2.904138845753  -2.796978281348  -2.701493063548  -2.685689954886  -2.690085026596  -2.689497714871  -2.682963077619  -2.667787763226  -2.648890792813  -2.628862356248  -2.608184318847  -2.586201288445  -2.441213930003  -2.248656615934  -2.042164459407  -1.842167297840  -1.659707262660  -1.502028524683  -1.371105925214  -1.267251737387  -1.190253700393  -1.139926752964
          1       17.000  -1.150000000000   0.640000000000  -4.553854001258  -4.581887868080  -4.513161041010  -4.369179063386  -4.170794903223  -3.929078639424  -3.678322659040  -3.441020937650  -3.232653145313  -3.061621419048  -2.930064757866  -2.773312608722  -2.711238315313  -2.692317373469  -2.684651511678  -2.678020774153  -2.664931891422  -2.647682617745  -2.628152725224  -2.607210513688  -2.584765081569  -2.439878601453  -2.248290093712  -2.042356744848  -1.842684899533  -1.660382301239  -1.502751716096  -1.371831418579  -1.267965716307  -1.190957784623  -1.140627350712
          1       18.000   1.900000000000   0.660000000000  -4.004759436517  -4.115472871984  -4.140586236570  -4.096912780631  -3.999502729748  -3.854089849392  -3.681754516002  -3.500996283408  -3.326793578717  -3.169982398736  -3.037076656583  -2.849837076068  -2.751082589695  -2.706531149711  -2.686148571972  -2.675833329523  -2.662335666758  -2.645937788324  -2.626972397326  -2.606071464628  -2.583412991090  -2.438554789981  -2.247911803627  -2.042542550746  -1.843197749721  -1.661054381666  -1.503473686806  -1.372556572608  -1.268679776489  -1.191662082893  -1.141328180651
          1       19.000   4.700000000000   0.000000000000   4.695604314042  -1.088004088997  -2.809971976189  -3.454382910629  -3.671204924341  -3.689889503638  -3.611367551823  -3.492618424910  -3.360275341405  -3.229308613857  -3.108881845863  -2.917020476119  -2.795902610376  -2.729139623437  -2.693860362741  -2.677371983417  -2.661048976739  -2.644284565594  -2.625552484561  -2.604773928986  -2.582065282265  -2.437247463796  -2.247522193415  -2.042721841348  -1.843705938638  -1.661723503183  -1.504194413962  -1.373281374774  -1.269393910245  -1.192366592127  -1.142029241756
          1       20.000   4.200000000000   0.000000000000   4.198868081883   1.959072757712  -0.111120693451  -1.378900045464  -2.268377662500  -2.852400502133  -3.149607151163  -3.262627674555  -3.266230496334  -3.211907785864  -3.132705337941  -2.965835543760  -2.837891852071  -2.755584138152  -2.706309449539  -2.682609750619  -2.661691224061  -2.643289553357  -2.624202364342  -2.603409036609  -2.580689833261  -2.435959390131  -2.247121875644  -2.042894565875  -1.844209530242  -1.662389666471  -1.504913875579  -1.374005812419  -1.270108109877  -1.193071309181  -1.142730532892
          1       21.000   1.450000000000   0.000000000000   1.409679360843   0.961985214698   0.175391373856  -0.690672142705  -1.473567399545  -2.118788250237  -2.561844685339  -2.840159044672  -2.992491091220  -3.055027634932  -3.058711914218  -2.974605050214  -2.867133730292  -2.780721913864  -2.721235230178  -2.690744630396  -2.664390133178  -2.643329538314  -2.623218958483  -2.602115676447  -2.579303020567  -2.434691620587  -2.246711581545  -2.043060671495  -1.844708568360  -1.663052872992  -1.505632050518  -1.374729872778  -1.270822367671  -1.193776230841  -1.143432052824
          1       22.000  -5.450000000000   0.150000000000  -1.410792122145  -0.779216389760  -0.588550881869  -0.838884904084  -1.279579541591  -1.764987717521  -2.175966425749  -2.488506707646  -2.706299387933  -2.843098880741  -2.916044341370  -2.932358337701  -2.871535078376  -2.797511274452  -2.735351292422  -2.700245507275  -2.668781634036  -2.644516345042  -2.622807437135  -2.601034128909  -2.577956708120  -2.433444021701  -2.246292226776  -2.043220203708  -1.845203142659  -1.663713164656  -1.506348936485  -1.375453548488  -1.271536675314  -1.194481351136  -1.144133797137
          1       23.000 -12.100000000000   0.180000000000  -4.191471499761  -2.905432589218  -2.126829761739  -1.754742322117  -1.670480338057  -1.805810330668  -2.045674873666  -2.290839688942  -2.499051321773  -2.656967649897  -2.764950223910  -2.857207255283  -2.849034748524  -2.800067874900  -2.744618232414  -2.708829683096  -2.674034356682  -2.646714705661  -2.623069740372  -2.600285744390  -2.576724615319  -2.432217257610  -2.245864405977  -2.043372948753  -1.845693147069  -1.664370462869  -1.507064478126  -1.376176815879  -1.272251026324  -1.195186672150  -1.144835770555
          1       24.000 -16.650000000000   0.190000000000  -6.991279534319  -5.316544182081  -4.069072855686  -3.192190953004  -2.615464878455  -2.311617056722  -2.247021594296  -2.312228701958  -2.428079097701  -2.548473705669  -2.650862679257  -2.776300503811  -2.809429673066  -2.788680211398  -2.746643039312  -2.714259394686  -2.678881337666  -2.649432464332  -2.623910947454  -2.599915748664  -2.575674519476  -2.431011850045  -2.245429082920  -2.043518983039  -1.846178650718  -1.665024809228  -1.507778674379  -1.376899667325  -1.272965412241  -1.195892187731  -1.145537968444
          1       25.000 -19.300000000000   0.220000000000  -7.441019192032  -6.312943468546  -5.301102235215  -4.420949818037  -3.686004541355  -3.117495836352  -2.767829748233  -2.597037978804  -2.548062860381  -2.567313213082  -2.615328694481  -2.715860722484  -2.766337306302  -2.768091186613  -2.741569387431  -2.715377799172  -2.682168300872  -2.652012932741  -2.625079656246  -2.599884638743  -2.574849353607  -2.429829674015  -2.244987092723  -2.043658312319  -1.846659654608  -1.665676204702  -1.508491507098  -1.377622089891  -1.273679825266  -1.196597894400  -1.146240389165
          1       26.000 -14.400000000000   0.280000000000  -7.324135517509  -6.560316394123  -5.781257889655  -5.039480765712  -4.363759582093  -3.770840696041  -3.320218081553  -3.009181368746  -2.818758696211  -2.720234855626  -2.683039447002  -2.700552978393  -2.735289921825  -2.745880987485  -2.731792634148  -2.712435791265  -2.683248140129  -2.653843270831  -2.626232655591  -2.600070020768  -2.574250430870  -2.428673631492  -2.244539271572  -2.043790963252  -1.847136154998  -1.666324649689  -1.509202958762  -1.378344070641  -1.274394257579  -1.197303788611  -1.146943030980
          1       27.000 -12.150000000000   0.350000000000  -6.660994943008  -6.230374363533  -5.737955552712  -5.216026384255  -4.691151071180  -4.179387044635  -3.738334048046  -3.384448791518  -3.120980912593  -2.940154029163  -2.827007129313  -2.738913836452  -2.729118821592  -2.730700457308  -2.721336648978  -2.707015069567  -2.682191337038  -2.654559716567  -2.627045976628  -2.600302210521  -2.573833714410  -2.427547184890  -2.244086469374  -2.043916983601  -1.847608144957  -1.666970143966  -1.509913012432  -1.379065596664  -1.275108701334  -1.198009866752  -1.147645892060
          1       28.000  -6.550000000000   0.450000000000  -5.893492217862  -5.737283273381  -5.470854885740  -5.134914083342  -4.759769506620  -4.360339455818  -3.983658514299  -3.650721207153  -3.373742051081  -3.156748377849  -2.996868837120  -2.817980266468  -2.751397847685  -2.728989196374  -2.714609454084  -2.701587624422  -2.679788900324  -2.654172552076  -2.627320936471  -2.600417322392  -2.573521229392  -2.426453615831  -2.243629562275  -2.044036442073  -1.848075615669  -1.667612686669  -1.510621651701  -1.379786655076  -1.275823148663  -1.198716125145  -1.148348970479
          1       29.000  -0.900000000000   0.770000000000  -5.145733418370  -5.149311918414  -5.053149141544  -4.879750686163  -4.649573406256  -4.372136925813  -4.082201472186  -3.801951078508  -3.547703140536  -3.329664409371  -3.152279274808  -2.915279142772  -2.796365811750  -2.742573176167  -2.714790166945  -2.698672214419  -2.677308921991  -2.653074398864  -2.627052547098  -2.600310083269  -2.573224263490  -2.425395250740  -2.243169457575  -2.044149428056  -1.848538557534  -1.668252276309  -1.511328860652  -1.380507233040  -1.276537591672  -1.199422560047  -1.149052264221
          1       30.000   2.300000000000   0.000000000000   2.295676900483  -2.507665661594  -3.925535494487  -4.338159471968  -4.378621803476  -4.257596192870  -4.067272588481  -3.854134622313  -3.641984986775  -3.445142376416  -3.272186975347  -3.010736934508  -2.853664434740  -2.768941469610  -2.722915643696  -2.699998682024  -2.676069284602  -2.651913762824  -2.626434889992  -2.599969329244  -2.572871221168  -2.424372826582  -2.242707089706  -2.044256066914  -1.848996972479  -1.668888918203  -1.512034627471  -1.381227319035  -1.277252022498  -1.200129167230  -1.149755770652
          1       31.000   5.050000000000   0.000000000000   5.047998067555   1.796634502264  -0.636668841774  -1.960431860426  -2.845766975913  -3.380896640830  -3.611389154898  -3.652536558729  -3.586667819194  -3.469527115583  -3.336250795057  -3.089111996356  -2.912743608506  -2.803235282508  -2.738100107513  -2.706177672467  -2.677068306846  -2.651395488871  -2.625799169667  -2.599480704518  -2.572429528974  -2.423385726524  -2.242243384819  -2.044356456886  -1.849450829315  -1.669522594963  -1.512738929835  -1.381946897838  -1.277966433123  -1.200835943674  -1.150459488635
          1       32.000   4.750000000000   0.000000000000   4.748997996264   2.781368982488   0.893196317326  -0.640479831315  -1.662679554822  -2.419787454540  -2.896595132823  -3.168101956002  -3.292289122550  -3.316854140580  -3.279942227478  -3.121533231908  -2.959997113600  -2.838904944505  -2.757947154171  -2.716675785118  -2.680745799855  -2.652083687587  -2.625518804472  -2.599004230416  -2.571917547516  -2.422431793971  -2.241779259676  -2.044450763058  -1.849900132599  -1.670153310917  -1.513441756686  -1.382665958022  -1.278680815621  -1.201542885014  -1.151163415353
          1       33.000   0.900000000000   0.000000000000   0.955096581200   0.941694391398   0.452438640194  -0.277743249663  -1.082074530627  -1.797269974935  -2.327735147781  -2.697226744873  -2.933944627137  -3.066617700300  -3.122279682767  -3.087525322329  -2.977632925036  -2.866253014438  -2.778325362002  -2.729830747831  -2.686912230507  -2.654272683659  -2.625908880763  -2.598727816777  -2.571399280664  -2.421508440759  -2.241315572550  -2.044539152954  -1.850344877834  -1.670781062638  -1.514143093703  -1.383384487002  -1.279395162015  -1.202249987250  -1.151867548435
          1       34.000  -6.650000000000   0.160000000000  -1.954719379629  -1.134465180288  -0.642605945848  -0.677238099332  -1.048614352740  -1.538390391390  -1.988895913616  -2.353623793391  -2.626404331598  -2.814688327965  -2.931420272169  -3.004704498565  -2.960807701600  -2.877129698193  -2.794027816231  -2.742835842669  -2.694632800947  -2.657868692053  -2.627130745757  -2.598811428198  -2.570964797750  -2.420613047154  -2.240853077661  -2.044621897406  -1.850785134582  -1.671405892860  -1.514842950597  -1.384102480957  -1.280109465124  -1.202957243934  -1.152571882276
          1       35.000 -14.050000000000   0.180000000000  -4.874283903005  -3.358755749473  -2.380319163596  -1.839937046295  -1.627253360695  -1.692694946420  -1.920818058052  -2.184202496871  -2.423493211519  -2.616122173851  -2.757218774694  -2.900689721110  -2.916843654756  -2.869060891573  -2.800925797100  -2.752548144144  -2.702396041253  -2.662408887315  -2.629177767388  -2.599367547119  -2.570715752236  -2.419745485656  -2.240392528614  -2.044699019204  -1.851220761947  -1.672027704917  -1.515541266473  -1.384819910276  -1.280823715437  -1.203664655779  -1.153276420671
          1       36.000 -17.150000000000   0.210000000000  -6.160674568761  -5.084448350697  -4.103874385124  -3.291429205892  -2.684439332781  -2.319517823488  -2.209652878053  -2.257705538506  -2.377629693092  -2.513830483999  -2.636706787827  -2.801892968623  -2.859760343500  -2.846205630123  -2.798191155073  -2.756963492505  -2.708569872183  -2.667056197949  -2.631770109275  -2.600379159590  -2.570723694073  -2.418906082875  -2.239934538129  -2.044770819555  -1.851651836496  -1.672646541262  -1.516238051428  -1.385536771109  -1.281537905616  -1.204372216151  -1.153981157807
