   1.0000000000000000     
  -17.149999999999999     
  -17.149938709765856     
  -17.149877419536324     
  -17.149816129316015     
  -17.149754839109544     
  -17.149693548921526     
  -17.149662903836163     
  -17.149632258757144     
  -17.149601613685046     
  -17.149570968620445     
  -17.149540323563915     
  -17.149509678516033     
  -17.149479033477373     
  -12.041974223743795     
  -6.9504856272485220     
  -6.7412127531039401     
  -6.5331997818858536     
  -6.3295051636510085     
  -6.1302306118278747     
  -5.9354759226204861     
  -5.7453387142720862     
  -5.5599140922228329     
  -5.3792942419205652     
  -5.2035679527124419     
  -5.0328200778565293     
  -4.8671309372118641     
  -4.7065756705642094     
  -4.5512235507993140     
  -4.4011372672293874     
  -4.2563721903013274     
  -4.1169756296625515     
  -3.9829860981323120     
  -3.8544325945262123     
  -3.7313339185135503     
  -3.6136980307535955     
  -3.4945228048625818     
  -3.3824046733725481     
  -3.2778692853744293     
  -3.1809091770377380     
  -3.0914815650603948     
  -3.0095067954610437     
  -2.9348674800434624     
  -2.8674084138010389     
  -2.8069373349724880     
  -2.7532265496603605     
  -2.7060153979034460     
  -2.6650134919338155     
  -2.6299046146315246     
  -2.6003511312851249     
  -2.5759987441201520     
  -2.5564814086470831     
  -2.5414262339590405     
  -2.5304582042905031     
  -2.5232045837732708     
  -2.5192988970108625     
  -2.5183844113108216     
  -2.5201170789945135     
  -2.5241679276662099     
  -2.5302249110317749     
  -2.5379942520090153     
  -2.5472013233719699     
  -2.5575911194475833     
  -2.5689283761894943     
  -2.5809973971958104     
  -2.5936016408376301     
  -2.6065631194695098     
  -2.6742984127122140     
  -2.7332223113662111     
  -2.7770826021550450     
  -2.8043724678859148     
  -2.8163076897216754     
  -2.8154545734031200     
  -2.8048514547677437     
  -2.7874815948057048     
  -2.7659894837315062     
  -2.7556417777072868     
  -2.7338516373333150     
  -2.7120304609850883     
  -2.6909433180080748     
  -2.6709576356617983     
  -2.6521648852302553     
  -2.6344837644092820     
  -2.6177394783150918     
  -2.6017194696801220     
  -2.5862090937403202     
  -2.5710120131732803     
  -2.4972032923878320     
  -2.4180973687921550     
  -2.3318880087507909     
  -2.2394796916750228     
  -2.1429886498283937     
  -2.0448375201181994     
  -1.9472532752837639     
  -1.8520783675498709     
  -1.6732623980329655     
  -1.5169332923404593     
  -1.3862530511997602     
  -1.2822520276224116     
  -1.2050799208018335     
  -1.1546860909769485     
