          1        1.000 -16.150000000000   0.020000000000  -0.985186460000  -0.267832520000  -0.004749857400  -0.152273760000  -0.407201560000  -0.843620400000  -1.207667100000  -1.509418500000  -1.758901100000  -1.965940100000  -2.139699500000  -2.416014700000  -2.638170000000  -2.831777800000  -3.007784800000  -3.115201200000  -3.207034600000  -3.289062000000  -3.362044300000  -3.426862500000  -3.484398000000  -3.683590000000  -3.780713000000  -3.808304000000  -3.787203300000  -3.732319000000  -3.659870600000  -3.581623300000  -3.507291000000  -3.444519000000  -3.398337100000
          1        2.000 -13.750000000000   0.020000000000 -13.253047292797 -10.731572472922  -8.283258878258  -6.139519378786  -4.127044414073  -1.942205887880  -1.361778848527  -1.474659703944  -1.697266022318  -1.906851469522  -2.089068430048  -2.383786840033  -2.618958792697  -2.818481095632  -2.995457310477  -3.103407141041  -3.197562753151  -3.281553219792  -3.355569175863  -3.420811844526  -3.477722583914  -3.678364836967  -3.777148243510  -3.805808559946  -3.785974686987  -3.731810926040  -3.659704145016  -3.581734245177  -3.507619566129  -3.444990297596  -3.398858503095
          1        3.000 -10.300000000000   0.060000000000 -10.192200191094  -9.523245043320  -8.653542757577  -7.687169847252  -6.482095397667  -4.531289957308  -3.066871920907  -2.233856297450  -1.943635474694  -1.953521857882  -2.071918536689  -2.355420031108  -2.599000042850  -2.805289808807  -2.986994004741  -3.096658855579  -3.190558393851  -3.274651340407  -3.349234458934  -3.414847610686  -3.472094062159  -3.673985050744  -3.774152493128  -3.803717945567  -3.784832526869  -3.731293598031  -3.659535713569  -3.581843452218  -3.507945969704  -3.445458930171  -3.399377026797
          1        4.000  -6.050000000000   0.140000000000  -7.215010295432  -7.257098911107  -7.109049377522  -6.807090209310  -6.278761507627  -5.190882174299  -4.118336388587  -3.230535484380  -2.627434919588  -2.315651101338  -2.222228579819  -2.359599668278  -2.582853863594  -2.791532208847  -2.977286542249  -3.088817635062  -3.183478478082  -3.267921231680  -3.342880867693  -3.408948436948  -3.466822322869  -3.670136463918  -3.771508625600  -3.801881474543  -3.783748444560  -3.730769536787  -3.659365174141  -3.581950921786  -3.508270235238  -3.445924938916  -3.399892718928
          1        5.000  -0.900000000000   0.410000000000  -5.816578163100  -5.936641188907  -5.944915185851  -5.850700539401  -5.614131380418  -5.035212965275  -4.367465010020  -3.712996827929  -3.157799409863  -2.756045507726  -2.520142918880  -2.440479416129  -2.588685015415  -2.781928243987  -2.967561088958  -3.080439839087  -3.176092342951  -3.261145217690  -3.336578976342  -3.403170095174  -3.461715654833  -3.666625011794  -3.769085695236  -3.800206805909  -3.782704281037  -3.730240369683  -3.659192434964  -3.582056630987  -3.508592360125  -3.446388331605  -3.400405591142
          1        6.000   1.750000000000   0.460000000000  -4.936427237040  -5.101122696937  -5.175839022140  -5.169658253789  -5.066232521471  -4.746432927081  -4.326572105706  -3.870037697095  -3.435677782754  -3.070848857478  -2.804627503845  -2.580234058449  -2.629631470992  -2.784826857193  -2.960773477844  -3.072540621458  -3.168599416462  -3.254284851374  -3.330296433731  -3.397475223288  -3.456689445922  -3.663323748009  -3.766800556840  -3.798634301472  -3.781687654263  -3.729707222961  -3.659017445631  -3.582160556253  -3.508912341471  -3.446849115828  -3.400915654874
          1        7.000   6.600000000000   0.000000000000   6.590898169511  -1.145601677321  -2.924606368353  -3.813928733485  -4.228576581543  -4.341644626358  -4.161622554132  -3.872905112625  -3.555792261369  -3.258825934740  -3.013679943024  -2.731758589367  -2.698852056527  -2.804646133223  -2.960321020409  -3.066808907840  -3.161625837992  -3.247496236084  -3.324036008978  -3.391824148827  -3.451696091103  -3.660148667597  -3.764599831655  -3.797125017596  -3.780689905625  -3.729170909903  -3.658840209701  -3.582262695337  -3.509230200837  -3.447307328827  -3.401422953401
          1        8.000   5.950000000000   0.000000000000   5.947897046095   2.599727877771  -0.264126027909  -1.300651345715  -2.131990210178  -3.050235087622  -3.470634006340  -3.569862254494  -3.485369936927  -3.318647744429  -3.137501932862  -2.864640960022  -2.780831729498  -2.839410220337  -2.967956423919  -3.064870807889  -3.156087529547  -3.241149796471  -3.317898851018  -3.386216455347  -3.446710278875  -3.657046502420  -3.762450731571  -3.795654690151  -3.779705288822  -3.728631961115  -3.658660720654  -3.582363024883  -3.509545932971  -3.447762975226  -3.401927494842
          1        9.000   2.050000000000   0.000000000000   2.049959371813   1.337992224867   0.251244803653  -0.573814409925  -1.264701878205  -2.181716736787  -2.759043219371  -3.075382866711  -3.201125156298  -3.202064143935  -3.135239923584  -2.952269426832  -2.859051252504  -2.883060695748  -2.983261406120  -3.067675502007  -3.152923967753  -3.235791338733  -3.312116313114  -3.380718177221  -3.441731876641  -3.653982240234  -3.760332527425  -3.794207810769  -3.778729908484  -3.728090692938  -3.658478917496  -3.582461467757  -3.509859469171  -3.448215983874  -3.402429206118
          1       10.000  -5.600000000000   0.200000000000  -0.444893941196  -0.003546972551  -0.018684835146  -0.433044933897  -0.943181076027  -1.722624999598  -2.290595924100  -2.673054438777  -2.901916658807  -3.013266509423  -3.043732470817  -2.981679054940  -2.917956102800  -2.926905645033  -3.003381030077  -3.074729801206  -3.152488294042  -3.231844328946  -3.306953719579  -3.375446512862  -3.436792693117  -3.650931476516  -3.758230452425  -3.792773257356  -3.777760513811  -3.727547459694  -3.658294906661  -3.582558079038  -3.510170892411  -3.448666465593  -3.402928209324
          1       11.000 -13.800000000000   0.200000000000  -1.782224227242  -0.556734823400  -0.101133680854  -0.420088042046  -0.823769510500  -1.480997078473  -1.999531102376  -2.386275305557  -2.655223152601  -2.825726422458  -2.920137731317  -2.964107769482  -2.949425087539  -2.962735653108  -3.024607422863  -3.084817649061  -3.154755329015  -3.229626567803  -3.302698793599  -3.370569029301  -3.431962019284  -3.647880077577  -3.756136138349  -3.791344768058  -3.776795200951  -3.727002375805  -3.658108626725  -3.582652772290  -3.510480120385  -3.449114333420  -3.403424414565
          1       12.000 -19.000000000000   0.210000000000  -2.828957853541  -1.851089423928  -1.194076540843  -0.897821378225  -0.944721020501  -1.370541974101  -1.815100209204  -2.182802407271  -2.463031622523  -2.663277471227  -2.796779660483  -2.920451414631  -2.956547642117  -2.986290649434  -3.043241697445  -3.095926695898  -3.159008956521  -3.229082537516  -3.299502104799  -3.366233542636  -3.427332261684  -3.644819923883  -3.754043595834  -3.789917931344  -3.775832369918  -3.726455586267  -3.657920119385  -3.582745545557  -3.510787166554  -3.449559614957  -3.403917854759
          1       13.000 -19.150000000000   0.230000000000  -4.403032063236  -3.469586589613  -2.728227050564  -2.200682912339  -1.839878196853  -1.665345378560  -1.824385171754  -2.081745623372  -2.329614951691  -2.532973259898  -2.686147073294  -2.865307672264  -2.946153491386  -2.997522059783  -3.057157494321  -3.106246215885  -3.164249149163  -3.229867718577  -3.297350346435  -3.362529871259  -3.422996829935  -3.641748496422  -3.751949045697  -3.788490053050  -3.774870884812  -3.725907187772  -3.657729425323  -3.582836397690  -3.511092043053  -3.450002335742  -3.404408560499
          1       14.000 -13.650000000000   0.290000000000  -4.927684953473  -4.322147347358  -3.766781713101  -3.295557658093  -2.851702978840  -2.340149598507  -2.151243076688  -2.179648460656  -2.309217370883  -2.463496742351  -2.605125889239  -2.809476499522  -2.924862215987  -2.998435438629  -3.065702236422  -3.114563263031  -3.169514800691  -3.231486149233  -3.296090652327  -3.359474921829  -3.419031384365  -3.638667507546  -3.749850028513  -3.787059452640  -3.773909919339  -3.725357233352  -3.657536568561  -3.582925314771  -3.511394745796  -3.450442501824  -3.404896541513
          1       15.000 -12.450000000000   0.340000000000  -4.802013861446  -4.444174124156  -4.098340621563  -3.776793026449  -3.425276499015  -2.915396434064  -2.588630139820  -2.440291830148  -2.425361857605  -2.487161589549  -2.580117083077  -2.766436992814  -2.899742664552  -2.992046576951  -3.069252980875  -3.120298950003  -3.174062211520  -3.233415866519  -3.295475617184  -3.357011531624  -3.415476998300  -3.635582038725  -3.747744948470  -3.785625071248  -3.772948846717  -3.724805754082  -3.657341572541  -3.583012284197  -3.511695270725  -3.450880119072  -3.405381807320
          1       16.000  -5.400000000000   0.400000000000  -4.373680156395  -4.260539594218  -4.095965648682  -3.905675671728  -3.660476599767  -3.249771173777  -2.925656260442  -2.712975263439  -2.607462461582  -2.585473295387  -2.616975466117  -2.748944007112  -2.878925706273  -2.982285470422  -3.068956240382  -3.123438418506  -3.177442065239  -3.235211594265  -3.295226731211  -3.355028575299  -3.412334190978  -3.632499562170  -3.745632838223  -3.784186246312  -3.771987183647  -3.724252764895  -3.657144459676  -3.583097294582  -3.511993613837  -3.451315193181  -3.405864367230
          1       17.000  -1.250000000000   0.650000000000  -3.848652322779  -3.858390875406  -3.821629473069  -3.748410149270  -3.621849412053  -3.363333363788  -3.115626637697  -2.915309472417  -2.779946077506  -2.709631882408  -2.692743902647  -2.759762889798  -2.868968009833  -2.973502969352  -3.066580284559  -3.124472689674  -3.179521768453  -3.236566255273  -3.295088530415  -3.353388366479  -3.409566826496  -3.629428866730  -3.743513222932  -3.782742567454  -3.771024551121  -3.723698268788  -3.656945251066  -3.583180335664  -3.512289771206  -3.451747729673  -3.406344230353
          1       18.000   1.800000000000   0.680000000000  -3.450579689412  -3.521115420444  -3.547319457033  -3.537061467236  -3.485032607953  -3.343747684756  -3.180784536415  -3.026919196294  -2.903191260734  -2.819850757523  -2.777523897059  -2.791422278779  -2.872042758964  -2.969130157777  -3.064102721969  -3.124270899635  -3.180473309505  -3.237344012276  -3.294868672318  -3.351953810730  -3.407112778496  -3.626378992191  -3.741386037910  -3.781293785409  -3.770060646767  -3.723142259880  -3.656743966313  -3.583261398200  -3.512583739008  -3.452177733911  -3.406821405593
          1       19.000   4.550000000000   0.000000000000   4.539801020225  -1.424870407061  -2.579361091786  -3.037959683397  -3.207739008566  -3.238367412116  -3.167404206199  -3.069195113519  -2.974566467778  -2.899425613391  -2.850771816221  -2.832424162157  -2.885971872308  -2.970625779610  -3.063105144343  -3.123816691485  -3.180697961479  -3.237584045668  -3.294464102076  -3.350611526696  -3.404896659923  -3.623358032266  -3.739251620831  -3.779839795327  -3.769095238035  -3.722584737193  -3.656540638678  -3.583340488772  -3.512875529943  -3.452605229940  -3.407295921607
          1       20.000   4.100000000000   0.000000000000   4.098265656929   1.362715033454  -0.539013340439  -1.292664504132  -1.898318429550  -2.554846897323  -2.858972488403  -2.961916200828  -2.966326763837  -2.934874977818  -2.900917186024  -2.872992704200  -2.906509751150  -2.977604680592  -3.064421770048  -3.123920826372  -3.180675123273  -3.237450103499  -3.293860848715  -3.349288631579  -3.402847885647  -3.620372855783  -3.737110544586  -3.778380526724  -3.768128127316  -3.722025684646  -3.656335285345  -3.583417601182  -3.513165141757  -3.453030224128  -3.407767788225
          1       21.000   1.350000000000   0.000000000000   1.276892344882   0.685864316109  -0.132470662415  -0.707014393292  -1.247023418108  -1.963033048323  -2.417594510857  -2.683188483680  -2.820323334339  -2.879163891203  -2.897737124222  -2.900863066933  -2.928289289180  -2.988425944420  -3.068154325439  -3.125092011106  -3.180847776834  -3.237171454187  -3.293116172600  -3.347955234300  -3.400910349041  -3.617429527643  -3.734963529965  -3.776915859578  -3.767159111279  -3.721465053297  -3.656127884668  -3.583492692854  -3.513452531599  -3.453452676252  -3.408236966003
          1       22.000  -5.400000000000   0.160000000000  -0.753850158455  -0.109679597014  -0.165516603931  -0.543534770162  -0.971490422778  -1.617592786797  -2.090208894458  -2.418391869114  -2.632826123857  -2.763992307269  -2.839513303196  -2.903274024002  -2.943954924535  -3.000072445549  -3.073580084082  -3.127391901290  -3.181497305910  -3.236973871528  -3.292333893633  -3.346620567463  -3.399044179714  -3.614530404074  -3.732811739363  -3.775445958707  -3.766188101414  -3.720902863763  -3.655918506255  -3.583565813895  -3.513737757886  -3.453872661473  -3.408703537433
          1       23.000 -12.100000000000   0.190000000000  -2.439203239568  -1.317588307630  -0.719624934613  -0.650594662429  -0.894969882594  -1.427675901853  -1.871887900698  -2.212578441670  -2.461540336837  -2.635860727752  -2.753571588914  -2.879716359336  -2.947408080339  -3.008684128147  -3.079324728522  -3.130498797043  -3.182720759910  -3.237025170449  -3.291623598500  -3.345320680000  -3.397236661715  -3.611679482674  -3.730656168619  -3.773970652806  -3.765214884256  -3.720339022951  -3.655707077668  -3.583636874580  -3.514020725099  -3.454290079354  -3.409167399523
          1       24.000 -16.600000000000   0.200000000000  -4.778967141587  -3.735379538193  -2.805253926742  -2.140835486476  -1.723358877364  -1.590067067208  -1.804969647513  -2.081517355986  -2.326008550947  -2.518755797422  -2.662710866676  -2.839738356825  -2.938379604608  -3.011618112864  -3.083705815723  -3.133650415569  -3.184323038972  -3.237363147124  -3.291062029043  -3.344098052715  -3.395489496399  -3.608876558809  -3.728498185249  -3.772490151823  -3.764239400255  -3.719773541181  -3.655493656743  -3.583705917613  -3.514301482597  -3.454704994090  -3.409628623067
          1       25.000 -19.300000000000   0.230000000000  -5.569784837138  -4.703068909637  -3.982349097179  -3.410079415051  -2.897399914857  -2.327549257024  -2.124870610768  -2.156978828937  -2.291225462475  -2.446688736626  -2.587525064854  -2.793123634100  -2.919648796161  -3.008201590882  -3.085548316331  -3.136045129160  -3.185938089588  -3.237897132137  -3.290665920657  -3.342982647785  -3.393815729209  -3.606121819578  -3.726339076991  -3.771004569360  -3.763261555080  -3.719206390073  -3.655278252020  -3.583772938468  -3.514580027554  -3.455117410079  -3.410087215633
          1       26.000 -14.600000000000   0.290000000000  -5.993530275701  -5.395051900882  -4.831246495512  -4.328417503197  -3.808434528071  -3.093129558293  -2.652493118835  -2.451235150299  -2.416170888469  -2.472014803246  -2.564172983164  -2.754329924865  -2.896371545842  -2.999443855717  -3.084418283780  -3.137083178952  -3.187153092673  -3.238440938380  -3.290386336225  -3.341977906175  -3.392228032438  -3.603415157086  -3.724180130770  -3.769514048292  -3.762281266025  -3.718637540606  -3.655060870651  -3.583837933012  -3.514856357304  -3.455527331612  -3.410543184609
          1       27.000 -12.250000000000   0.360000000000  -5.640234737367  -5.314563221380  -4.979179511689  -4.647422415903  -4.256739440351  -3.632269254546  -3.146962741968  -2.824729033447  -2.653669285517  -2.597419391491  -2.613427076060  -2.740663267056  -2.876649496490  -2.988105168728  -3.080725493016  -3.136528901782  -3.187639041357  -3.238776739126  -3.290124961835  -3.341056652169  -3.390729891859  -3.600756404780  -3.722022606925  -3.768018759563  -3.761298460703  -3.718066963412  -3.654841518476  -3.583900897445  -3.515130469335  -3.455934762868  -3.410996537208
          1       28.000  -6.700000000000   0.460000000000  -5.138413748042  -5.019383813662  -4.851076391623  -4.651435654191  -4.381682305029  -3.900201756049  -3.473408115547  -3.137783573449  -2.907031908932  -2.774692705507  -2.720965211195  -2.761198411769  -2.868893756074  -2.978378215720  -3.075790178655  -3.134628746311  -3.187258872578  -3.238724846803  -3.289765223722  -3.340167577321  -3.389310748966  -3.598145389125  -3.719867723019  -3.766518900657  -3.760313076178  -3.717494629040  -3.654620200093  -3.583961828254  -3.515402361287  -3.456339707930  -3.411447280476
          1       29.000  -0.950000000000   0.790000000000  -4.582237792930  -4.581751407071  -4.530824123962  -4.439356620283  -4.284189568119  -3.963074271247  -3.637129751436  -3.345328856538  -3.112520525629  -2.948731446998  -2.851234461538  -2.811428063405  -2.877683005562  -2.974407299323  -3.071548557953  -3.132116767858  -3.186142658316  -3.238208805098  -3.289210110788  -3.339249809631  -3.387946363972  -3.595581820280  -3.717716644406  -3.765014693717  -3.759325058405  -3.716920508171  -3.654396918940  -3.584020722165  -3.515672030950  -3.456742170781  -3.411895421291
          1       30.000   2.200000000000   0.000000000000   2.189871101606  -2.134147766113  -3.400798759863  -3.882183598290  -3.994128246159  -3.882524500055  -3.673704466759  -3.450948201190  -3.249519220099  -3.087958360840  -2.973591130679  -2.878281417639  -2.901993737126  -2.978547986019  -3.069846809264  -3.130000834423  -3.184679429433  -3.237298421400  -3.288419872924  -3.338252960938  -3.386604321226  -3.593064732449  -3.715570431267  -3.763506413665  -3.758334383267  -3.716344586336  -3.654171692792  -3.584077592189  -3.515939493783  -3.457142174796  -3.412340986751
          1       31.000   4.900000000000   0.000000000000   4.897280899816   1.154722437704  -0.835471214486  -1.663537900117  -2.321442574233  -3.008877958199  -3.291224210295  -3.337747462280  -3.269673868797  -3.164811692332  -3.066103808909  -2.947823211751  -2.937092429985  -2.990898095479  -3.071854031479  -3.129233963844  -3.183397573198  -3.236193571021  -3.287427611553  -3.337153574266  -3.385253521375  -3.590593036835  -3.713430100257  -3.761994319965  -3.757341015378  -3.715766836469  -3.653944523745  -3.584132436276  -3.516204748763  -3.457539724652  -3.412783984265
          1       32.000   4.650000000000   0.000000000000   4.648522305567   2.316802637109   0.061673899720  -0.764514588997  -1.416902961672  -2.232672126218  -2.723324933505  -2.985360647567  -3.093654478157  -3.109870137936  -3.081419387692  -3.000651886724  -2.975472005045  -3.009590905508  -3.077863144501  -3.130494433384  -3.182840178173  -3.235183631787  -3.286338520033  -3.335964562079  -3.383872326618  -3.588165774988  -3.711296728718  -3.760478634211  -3.756344881151  -3.715187200575  -3.653715380375  -3.584185218394  -3.516467757861  -3.457934783847  -3.413224378169
          1       33.000   0.800000000000   0.000000000000   0.824349142634   0.691734917034   0.175400569796  -0.404220927888  -0.963854062229  -1.746656222007  -2.287887749798  -2.643222491719  -2.857246889801  -2.970263993483  -3.017644072590  -3.016584930750  -3.005651481069  -3.030275130518  -3.086955444933  -3.133905893441  -3.183383903961  -3.234566551373  -3.285310341895  -3.334739974146  -3.382458088166  -3.585780356197  -3.709171160531  -3.758959684370  -3.755345981412  -3.714605666492  -3.653484277950  -3.584235952228  -3.516728537229  -3.458327375847  -3.413662195455
          1       34.000  -6.600000000000   0.160000000000  -1.091455033657  -0.326492376449  -0.009249443133  -0.339157136306  -0.776061314390  -1.460886884122  -1.984356090849  -2.368235556083  -2.635273458505  -2.809548836401  -2.914887136604  -2.997026641799  -3.019572330498  -3.047496931184  -3.097115382234  -3.138937481107  -3.185102133037  -3.234545141899  -3.284498255827  -3.333556518260  -3.381028879731  -3.583433571718  -3.707054019743  -3.757437830209  -3.754344356381  -3.714022245417  -3.653251252629  -3.584284674283  -3.516987127829  -3.458717551066  -3.414097491065
          1       35.000 -14.050000000000   0.180000000000  -2.852316151411  -1.505005314714  -0.650628545853  -0.465076751075  -0.724132289223  -1.299501997138  -1.782700039743  -2.163206548665  -2.450452587657  -2.658143402730  -2.801653754780  -2.952752074323  -3.015394058680  -3.056938565401  -3.105870229688  -3.144558255356  -3.187779303299  -3.235210589285  -3.284037126424  -3.332503376004  -3.379621277374  -3.581124731809  -3.704946435234  -3.755913265286  -3.753339872692  -3.713436822808  -3.653016211874  -3.584331287172  -3.517243425066  -3.459105199293  -3.414530152405
          1       36.000 -17.100000000000   0.210000000000  -4.178536415822  -3.319964355728  -2.565007599259  -1.986802088333  -1.593080935504  -1.472453506488  -1.718898500497  -2.030381114786  -2.306915127030  -2.527294337039  -2.693447441879  -2.896222854056  -2.997122113877  -3.057584520727  -3.111414135199  -3.149520575298  -3.190834294454  -3.236411698740  -3.283954072397  -3.331642359746  -3.378280472589  -3.578850856952  -3.702848779048  -3.754386395652  -3.752332609347  -3.712849427519  -3.652779206383  -3.584375844114  -3.517497488226  -3.459490390886  -3.414960255134
