   1.0000000000000000     
  -17.100000000000001     
  -17.099928725311294     
  -17.099857450629720     
  -17.099786175962421     
  -17.099714901316528     
  -17.099643626699176     
  -17.099607989403879     
  -17.099572352118393     
  -17.099536714843616     
  -17.099501077580431     
  -17.099465440329734     
  -17.099429803092416     
  -17.099394165869366     
  -11.159859517903548     
  -5.2451021989290378     
  -5.0798372943877954     
  -4.9158758629068373     
  -4.7562288256329719     
  -4.6010067214012533     
  -4.4503201995120580     
  -4.3042797275673967     
  -4.1629952198499049     
  -4.0265755782725074     
  -3.8951281383758283     
  -3.7687580137025058     
  -3.6475673332404215     
  -3.5316543686147304     
  -3.4211125504331674     
  -3.3160293767450009     
  -3.2164852210200214     
  -3.1225520523887322     
  -3.0342920870201762     
  -2.9517563962472204     
  -2.8749835040427518     
  -2.8039980132212321     
  -2.6553878435132905     
  -2.5227125199984641     
  -2.4066437269246403     
  -2.3069865727069860     
  -2.2233469220654198     
  -2.1551267829691416     
  -2.1015329907043072     
  -2.0615994377990376     
  -2.0342209212921558     
  -2.0181948441646198     
  -2.0122660283293290     
  -2.0151699668352179     
  -2.0256707917621606     
  -2.0425916551213739     
  -2.0648366742849018     
  -2.0914047669004185     
  -2.1213964576460120     
  -2.1540150935722737     
  -2.1885639512180135     
  -2.2244405735513051     
  -2.2611294386036009     
  -2.2981938049317860     
  -2.3352673428391344     
  -2.3720459633072810     
  -2.4082801032101533     
  -2.4437676122162344     
  -2.4783473071622444     
  -2.5118932062520392     
  -2.5443094214980961     
  -2.5755256678372902     
  -2.6054933370083364     
  -2.7361418598547278     
  -2.8366019782641816     
  -2.9122649492828190     
  -2.9693885821760344     
  -3.0137894039193993     
  -3.0502780446965287     
  -3.0824938866888498     
  -3.1129672695176804     
  -3.1433081741597499     
  -3.1528958821748456     
  -3.1727868513392035     
  -3.1936445494605481     
  -3.2153952477753811     
  -3.2378730507273645     
  -3.2608729721886833     
  -3.2841854584684729     
  -3.3076161609879846     
  -3.3309950094220659     
  -3.3541782456529923     
  -3.3770463869165539     
  -3.4851719511420933     
  -3.5766108528964558     
  -3.6485531035652317     
  -3.7007615680042703     
  -3.7347512411031736     
  -3.7528575506196615     
  -3.7575893930415871     
  -3.7513225777496966     
  -3.7122600375703056     
  -3.6525402330523913     
  -3.5844183426388239     
  -3.5177493160744722     
  -3.4598731292091545     
  -3.4153878049442903     
