          1        1.000 -16.100000000000   0.020000000000  -2.982398700000  -2.156504400000  -1.574238000000  -1.240372400000  -1.124728800000  -1.219366000000  -1.437007400000  -1.681320400000  -1.909819400000  -2.106411500000  -2.266968700000  -2.487105100000  -2.605036300000  -2.659513500000  -2.679819300000  -2.683534400000  -2.679305000000  -2.669051600000  -2.654007700000  -2.634571000000  -2.611134500000  -2.450323600000  -2.258873000000  -2.061862000000  -1.872471300000  -1.698753500000  -1.547171100000  -1.420174800000  -1.318578800000  -1.242671700000  -1.192660200000
          1        2.000 -13.700000000000   0.020000000000 -13.169778030475 -10.440267792184  -7.780759833517  -5.487041607623  -3.694139569267  -2.485717382355  -1.942811867348  -1.829194880676  -1.907581173547  -2.044402969093  -2.184095980719  -2.409665605468  -2.550744794860  -2.627375656238  -2.663147536997  -2.673895122045  -2.673810700354  -2.665079877609  -2.650576625568  -2.631386420224  -2.607854209373  -2.448786124864  -2.258595268622  -2.062241010037  -1.873027614720  -1.699359330216  -1.547837357202  -1.420857873139  -1.319264509218  -1.243358449103  -1.193347579688
          1        3.000 -10.300000000000   0.060000000000 -10.163740023286  -9.269081903217  -8.054176251967  -6.713383642277  -5.389603946899  -4.177736642421  -3.251426265566  -2.646954408793  -2.330634408192  -2.220051975013  -2.226351624777  -2.368527888326  -2.505464361170  -2.594885009909  -2.643716939536  -2.661672082280  -2.666828031857  -2.660569069479  -2.647089839456  -2.628297503055  -2.605042230907  -2.447484790145  -2.258354848067  -2.062556389868  -1.873554061992  -1.699964990732  -1.548502485436  -1.421540589669  -1.319950207527  -1.244045227277  -1.194034970240
          1        4.000  -6.000000000000   0.140000000000  -7.081994889775  -7.095680445119  -6.784354803736  -6.239182569027  -5.547165877953  -4.769941236434  -4.033881781778  -3.412251809333  -2.945663712207  -2.640140654563  -2.472934217306  -2.413351474681  -2.486814947065  -2.567691054077  -2.623215787481  -2.647232766961  -2.657987431582  -2.654963449903  -2.643095804286  -2.625091313990  -2.602379727731  -2.446331100795  -2.258133624134  -2.062827246675  -1.874058023830  -1.700569783369  -1.549166519241  -1.422222938797  -1.320635886784  -1.244732032879  -1.194722372496
          1        5.000  -1.000000000000   0.430000000000  -5.621909572758  -5.748309384864  -5.697413393806  -5.491174933104  -5.159680441581  -4.721630225309  -4.241925082354  -3.773238360519  -3.357944866693  -3.023644022599  -2.781163957631  -2.546954460092  -2.516745332616  -2.558879698908  -2.607115344611  -2.632913375043  -2.647908291874  -2.648282692840  -2.638488605497  -2.621659973276  -2.599721909537  -2.445266690344  -2.257920504748  -2.063066768195  -1.874544812882  -1.701173211231  -1.549829475791  -1.422904910720  -1.321321538956  -1.245418864164  -1.195409787170
          1        6.000   1.650000000000   0.500000000000  -4.683200397162  -4.898351666149  -4.967873175207  -4.914013736370  -4.758672145220  -4.510370473994  -4.204247679646  -3.874573920988  -3.552136905496  -3.261801837530  -3.020493620228  -2.708227159965  -2.588181067080  -2.575841311483  -2.601683022978  -2.622430560560  -2.638072943377  -2.640948767546  -2.633298158220  -2.617917970901  -2.596961898491  -2.444252213802  -2.257708715153  -2.063284003547  -1.875018265524  -1.701774922004  -1.550491360252  -1.423586496200  -1.322007156134  -1.246105719285  -1.196097214842
          1        7.000   6.600000000000   0.000000000000   6.593764873525  -0.866386967119  -3.144702837608  -3.996585176571  -4.243028188065  -4.218792747161  -4.063817919162  -3.850128404801  -3.614914085361  -3.382950495050  -3.171805524921  -2.849835655109  -2.676357800577  -2.613866886655  -2.609347503309  -2.618880280586  -2.630441152002  -2.633820541298  -2.627782737539  -2.613874427351  -2.594029492223  -2.443260249403  -2.257494148090  -2.063485207284  -1.875481223214  -1.702374682801  -1.551152177389  -1.424267689190  -1.322692730894  -1.246792596160  -1.196784655871
          1        8.000   5.900000000000   0.000000000000   5.898604777211   3.121544059555   0.525902605792  -1.225699689841  -2.343299925550  -3.063059525006  -3.413520282968  -3.523195641779  -3.487578432073  -3.375147353218  -3.232105254098  -2.952522571534  -2.760670350262  -2.662675055876  -2.628180511017  -2.623283048276  -2.626635577395  -2.627960102792  -2.622419121487  -2.609662730822  -2.590903500539  -2.442271121148  -2.257274181801  -2.063674385137  -1.875935592799  -1.702972296054  -1.551811905978  -1.424948476128  -1.323378255047  -1.247479493017  -1.197472110747
          1        9.000   2.000000000000   0.000000000000   2.000184720063   1.575206009017   0.671617351451  -0.391598169619  -1.341993250790  -2.118234793860  -2.643281040346  -2.963151455701  -3.124792023241  -3.173094763937  -3.147698920455  -2.989056518141  -2.823329161827  -2.711134128918  -2.653506530929  -2.634366857905  -2.627240259148  -2.624222166868  -2.617774824055  -2.605534493012  -2.587634623345  -2.441269939164  -2.257047149039  -2.063854396319  -1.876382887338  -1.703567645691  -1.552470536296  -1.425628848949  -1.324063721076  -1.248166407678  -1.198159579652
          1       10.000  -5.600000000000   0.200000000000  -0.990879846326  -0.270750938455  -0.161272693581  -0.583851605453  -1.132538536777  -1.699470181269  -2.171041282633  -2.525030901692  -2.765520476992  -2.908319194374  -2.974018725873  -2.951593747251  -2.848141747230  -2.747583276662  -2.679263868535  -2.649291953620  -2.631709415573  -2.622937232988  -2.614288195442  -2.601771379555  -2.584336912830  -2.440246666901  -2.256812068423  -2.064027219114  -1.876824294781  -1.704160696945  -1.553128075701  -1.426308806923  -1.324749122874  -1.248853337675  -1.198847062399
          1       11.000 -13.800000000000   0.200000000000  -4.241594981980  -2.698492335007  -1.798929700995  -1.426169938901  -1.415910881393  -1.653187045657  -1.973289118956  -2.270532920167  -2.509320986679  -2.682143478407  -2.793494661079  -2.869663579904  -2.834368383530  -2.763600251240  -2.698999928968  -2.664274730128  -2.638717499785  -2.623999889623  -2.612237243281  -2.598642694552  -2.581166797864  -2.439193915557  -2.256567770822  -2.064193837245  -1.877260426088  -1.704751318336  -1.553784471527  -1.426988326736  -1.325434450776  -1.249540281221  -1.199534559428
          1       12.000 -18.950000000000   0.210000000000  -5.354644201918  -4.164008801750  -3.274533835970  -2.650799444023  -2.252590540674  -2.079741299768  -2.106380661075  -2.234293400746  -2.391331418786  -2.536624179101  -2.651731228584  -2.777943165733  -2.796543508266  -2.760144466792  -2.709150096368  -2.675764997230  -2.646203491442  -2.626640615709  -2.611528627454  -2.596282621586  -2.578280738473  -2.438109890952  -2.256313660588  -2.064355125137  -1.877691964337  -1.705339517202  -1.554439726494  -1.427667406254  -1.326119698603  -1.250227235709  -1.200222070353
          1       13.000 -19.100000000000   0.230000000000  -6.622127216471  -5.457255551629  -4.485348455657  -3.709164813084  -3.113388655140  -2.699141268683  -2.486797816760  -2.420993101669  -2.444011154620  -2.508886551933  -2.583805746637  -2.703220661520  -2.750723083826  -2.743284186994  -2.709733609840  -2.681932192240  -2.652360726181  -2.629849168717  -2.611811627865  -2.594682306371  -2.575794780183  -2.436996684017  -2.256049102802  -2.064511533456  -1.878119339514  -1.705925276128  -1.555093824746  -1.428346036165  -1.326804859156  -1.250914198720  -1.200909594908
          1       14.000 -13.600000000000   0.290000000000  -6.644457061464  -5.894491654975  -5.142992760735  -4.446332814603  -3.833030229770  -3.322056442939  -2.964277043338  -2.744790079071  -2.634042607271  -2.597639384781  -2.604470511002  -2.666274100746  -2.712344627362  -2.721288678247  -2.703325256762  -2.682773396001  -2.656100358020  -2.632672940633  -2.612583000477  -2.593694969238  -2.573756554316  -2.435860131224  -2.255773567892  -2.064663306425  -1.878542868300  -1.706508587866  -1.555746750709  -1.429024207044  -1.327489925301  -1.251601167766  -1.201597132714
          1       15.000 -12.450000000000   0.330000000000  -6.154526636726  -5.693678862840  -5.199638029777  -4.697548262503  -4.208807435385  -3.748701529108  -3.370205990511  -3.083947561885  -2.886839160676  -2.765481717570  -2.701247740156  -2.676097144187  -2.693261681636  -2.702574683665  -2.693922934446  -2.679730014516  -2.657211719405  -2.634473564751  -2.613347016280  -2.593090794217  -2.572138418406  -2.434708723301  -2.255486667625  -2.064810547974  -1.878962783132  -1.707089452250  -1.556398489299  -1.429701909371  -1.328174889963  -1.252288140295  -1.202284683283
          1       16.000  -5.400000000000   0.400000000000  -5.385922818235  -5.256340203582  -5.005003424579  -4.684696123321  -4.331422213407  -3.963791959325  -3.628315827126  -3.343415281928  -3.117528204647  -2.950602607093  -2.836209549764  -2.726598959287  -2.698789402836  -2.693699573459  -2.685798411859  -2.675099799839  -2.656267049537  -2.635042728784  -2.613745602426  -2.592628596673  -2.570853007950  -2.433552132933  -2.255188198210  -2.064953267905  -1.879379253357  -1.707667873927  -1.557049026040  -1.430379133553  -1.328859746116  -1.252975113688  -1.202972246017
          1       17.000  -1.350000000000   0.670000000000  -4.652914219811  -4.671435999574  -4.595512750915  -4.445930586458  -4.242798584578  -3.996596422427  -3.741325089341  -3.499086510031  -3.285198821436  -3.108095653151  -2.970088340334  -2.800214582641  -2.726305020703  -2.697653627169  -2.682345490589  -2.671332954089  -2.654358603396  -2.634589265046  -2.613629615289  -2.592119298762  -2.569783344124  -2.432399699554  -2.254878173110  -2.065091414829  -1.879792400698  -1.708243860688  -1.557698347134  -1.431055869946  -1.329544486780  -1.253662085263  -1.203659820216
          1       18.000   1.700000000000   0.720000000000  -4.124284356318  -4.215319864005  -4.228645212497  -4.176938543481  -4.073119878556  -3.921947229896  -3.744304379711  -3.558296959725  -3.378679746700  -3.216193200115  -3.077368731101  -2.877985552509  -2.767819878805  -2.713498821228  -2.685235866144  -2.670341944282  -2.652733799355  -2.633621957320  -2.613065304930  -2.591466154366  -2.568816701987  -2.431259217821  -2.254556834474  -2.065224900340  -1.880202310636  -1.708817422233  -1.558346439490  -1.431732108875  -1.330229105012  -1.254349052277  -1.204347405072
          1       19.000   4.550000000000   0.000000000000   4.544850232445  -1.542726238503  -3.164871826444  -3.677116138314  -3.806318108622  -3.780163268916  -3.681818800551  -3.552616943172  -3.413065262554  -3.275929840665  -3.149613086732  -2.946145215856  -2.814016803667  -2.737562391315  -2.694269511329  -2.673053769022  -2.652424571259  -2.632763966771  -2.612282647801  -2.590675321300  -2.567872663397  -2.430136152559  -2.254224697243  -2.065353644695  -1.880609058531  -1.709388582770  -1.558993297768  -1.432407843564  -1.330913594674  -1.255036011986  -1.205034999629
          1       20.000   4.050000000000   0.000000000000   4.048856794839   1.788265142185  -0.260106672328  -1.507510084470  -2.388275776302  -2.959310191363  -3.241469429329  -3.339565326016  -3.330057177199  -3.264941722832  -3.176956587083  -2.996445932427  -2.857306906529  -2.765354530723  -2.707991767247  -2.679449238270  -2.654049139568  -2.632577488849  -2.611586639134  -2.589835149351  -2.566918175143  -2.429033945245  -2.253882327058  -2.065477506468  -1.881012660756  -1.709957338173  -1.559638902549  -1.433083061214  -1.331597948113  -1.255722961494  -1.205722602946
          1       21.000   1.350000000000   0.000000000000   1.306848699912   0.848242366288   0.060283972773  -0.791727268270  -1.567023382729  -2.205092390367  -2.641182533626  -2.911844334929  -3.055989485857  -3.110239676353  -3.105937246709  -3.007535327423  -2.888180703388  -2.791867716679  -2.724166831748  -2.688730751746  -2.657737843191  -2.633442003000  -2.611275436630  -2.589084250998  -2.565968614968  -2.427954271001  -2.253530457462  -2.065596356690  -1.881413123476  -1.710523688882  -1.560283237176  -1.433757749817  -1.332282157817  -1.256409897810  -1.206410213948
          1       22.000  -5.400000000000   0.160000000000  -1.628480199051  -1.019639110946  -0.785446441656  -0.970586489678  -1.374242164813  -1.843449794647  -2.246787638339  -2.553415313380  -2.765373573407  -2.896098800723  -2.962781289706  -2.966554513435  -2.894167269043  -2.810109511489  -2.739550777619  -2.699371250371  -2.663113292777  -2.635458496321  -2.611548794979  -2.588560599071  -2.565074757375  -2.426897252920  -2.253170113407  -2.065710206265  -1.881810517034  -1.711087693739  -1.560926317225  -1.434431910752  -1.332966220061  -1.257096818304  -1.207097831312
          1       23.000 -12.100000000000   0.190000000000  -4.339077352392  -3.076628586956  -2.304122687152  -1.919646653961  -1.810897799072  -1.916224495913  -2.132221580626  -2.361512663338  -2.559144032017  -2.709281068033  -2.810780229706  -2.891502834052  -2.872593815148  -2.813896952850  -2.750039517574  -2.709088319185  -2.669353511485  -2.638495213245  -2.612508959227  -2.588385163928  -2.564310083095  -2.425864107454  -2.252801940807  -2.065818823462  -1.882204742225  -1.711649289083  -1.561568093422  -1.435105517832  -1.333650123340  -1.257783719406  -1.207785453927
          1       24.000 -16.550000000000   0.200000000000  -6.591409899733  -5.301825184456  -4.166344564198  -3.321364769271  -2.749520963919  -2.435015896003  -2.351536998486  -2.397796314484  -2.498037159894  -2.606425471645  -2.699552957097  -2.811382450873  -2.833695189524  -2.803479331315  -2.753157817822  -2.715598358054  -2.675177336712  -2.642055227168  -2.614058004066  -2.588600957386  -2.563740979558  -2.424855624085  -2.252426984423  -2.065922235012  -1.882595836048  -1.712208520137  -1.562208575995  -1.435778569835  -1.334333863195  -1.258470598280  -1.208473080311
          1       25.000 -19.300000000000   0.230000000000  -7.144696183559  -6.021266561884  -5.069201227377  -4.277725539244  -3.633405840727  -3.137889103209  -2.828368974664  -2.670809676107  -2.619651650115  -2.630580160214  -2.669151122048  -2.753508774578  -2.791881205264  -2.783881733195  -2.749087604411  -2.717726829297  -2.679412347650  -2.645473702505  -2.615941258304  -2.589166764531  -2.563409285937  -2.423873973544  -2.252046160246  -2.066020413716  -1.882983781925  -1.712765394382  -1.562847756015  -1.436451057364  -1.335017432886  -1.259157451792  -1.209160708991
          1       26.000 -14.550000000000   0.290000000000  -7.215915766162  -6.437519842717  -5.663303233045  -4.941941821200  -4.297040115929  -3.740868721119  -3.324259018935  -3.038750043013  -2.863304711968  -2.770463911415  -2.732568621620  -2.739655139149  -2.762520212486  -2.762929299613  -2.740360188002  -2.715771301192  -2.681411828277  -2.648130701605  -2.617810683170  -2.589957674651  -2.563315051168  -2.422922306325  -2.251660391083  -2.066113357349  -1.883368559301  -1.713319918175  -1.563485624955  -1.437122971113  -1.335700825696  -1.259844276754  -1.209848338408
          1       27.000 -12.250000000000   0.360000000000  -6.579417201600  -6.142297231932  -5.653631999146  -5.143504943777  -4.635905647255  -4.145308789356  -3.725865722895  -3.391397655222  -3.143173200350  -2.972434896728  -2.864331962725  -2.774804895517  -2.756676106047  -2.748841976826  -2.730988665999  -2.711355001986  -2.681266533153  -2.649664595362  -2.619339371040  -2.590801310434  -2.563412670144  -2.422004286069  -2.251270617563  -2.066201088669  -1.883750145047  -1.713872096729  -1.564122174646  -1.437794301865  -1.336384034932  -1.260531069929  -1.210535966918
          1       28.000  -6.700000000000   0.460000000000  -5.844938456333  -5.683070165073  -5.416765019848  -5.085575462042  -4.718841007831  -4.331095825792  -3.967784284431  -3.648330916825  -3.383479244549  -3.176133979554  -3.022825329005  -2.847993939320  -2.777265866245  -2.747377075579  -2.725111696911  -2.706871877627  -2.679764975669  -2.650090168077  -2.620329015943  -2.591532204073  -2.563622547890  -2.421123346777  -2.250877809097  -2.066283655108  -1.884128514671  -1.714421934135  -1.564757397226  -1.438465040503  -1.337067053926  -1.261217828029  -1.211223592791
          1       29.000  -1.050000000000   0.810000000000  -5.132621237984  -5.125691207983  -5.024100971760  -4.849694781603  -4.622110745809  -4.350436238325  -4.068393999010  -3.797015711521  -3.551549745367  -3.341294884716  -3.170035044561  -2.939222409716  -2.819294390794  -2.760237434810  -2.725674939331  -2.704692104762  -2.678123164064  -2.649788691663  -2.620772934446  -2.592044076916  -2.563854640958  -2.420281918478  -2.250482967277  -2.066361128365  -1.884503643360  -1.714969433408  -1.565391285099  -1.439135178008  -1.337749876032  -1.261904547718  -1.211911214219
          1       30.000   2.100000000000   0.000000000000   2.095750781279  -2.544738495714  -3.970914010689  -4.364325260228  -4.383095230300  -4.251831865451  -4.060767141107  -3.851266797871  -3.644382623026  -3.453009712277  -3.284901095716  -3.029626749275  -2.873292432203  -2.785180355453  -2.733665654464  -2.706437370884  -2.677584013438  -2.649376670067  -2.620855342032  -2.592323118754  -2.564036266667  -2.419480661076  -2.250087117017  -2.066433631420  -1.884875525402  -1.715514609690  -1.566023838490  -1.439804708942  -1.338432495810  -1.262591225867  -1.212598829355
          1       31.000   4.900000000000   0.000000000000   4.898008762939   1.675371887936  -0.702426405406  -2.001301028770  -2.871362348925  -3.396416531966  -3.621375028737  -3.660166102833  -3.594257036205  -3.478592592825  -3.347520596782  -3.104555196800  -2.929398212776  -2.817782607903  -2.748345429619  -2.712732157493  -2.679105300802  -2.649522780663  -2.620887369699  -2.592446291608  -2.564132084967  -2.418719154574  -2.249691277535  -2.066501239215  -1.885244109402  -1.716057443633  -1.566655038475  -1.440473619147  -1.339114904877  -1.263277858678  -1.213286436176
          1       32.000   4.650000000000   0.000000000000   4.648995102542   2.685878758598   0.808204874682  -0.691621958573  -1.697920136096  -2.444598697159  -2.914929542686  -3.182546117303  -3.304760834684  -3.328738927741  -3.292131506529  -3.135362796600  -2.974455255297  -2.851844794689  -2.767496151919  -2.723115919864  -2.683129084527  -2.650772486843  -2.621225663729  -2.592563689983  -2.564155936681  -2.417995256516  -2.249296457679  -2.066564097051  -1.885609376565  -1.716597936974  -1.567284878830  -1.441141900226  -1.339797096739  -1.263964442678  -1.213974032626
          1       33.000   0.750000000000   0.000000000000   0.811903299205   0.832902148019   0.378568878422  -0.329044837866  -1.120872233097  -1.825773520102  -2.350013259619  -2.715493141968  -2.949668068871  -3.080863594502  -3.135805305385  -3.100854514903  -2.990719622032  -2.877897183994  -2.787147685399  -2.736012005860  -2.689485959692  -2.653411795528  -2.622171663244  -2.592853106107  -2.564166315975  -2.417306156592  -2.248903600732  -2.066622379644  -1.885971317226  -1.717136095112  -1.567913356056  -1.441809545116  -1.340479065371  -1.264650974459  -1.214661616602
          1       34.000  -6.600000000000   0.170000000000  -1.839997059930  -1.046783399677  -0.630460871379  -0.706084859737  -1.081752182203  -1.567856438365  -2.013429416453  -2.374240042856  -2.644203510678  -2.830567147366  -2.946041896098  -3.018008102070  -2.973125816010  -2.887849677800  -2.802216804651  -2.748712163151  -2.697287449529  -2.657356948783  -2.623881294134  -2.593466319373  -2.564246976022  -2.416648915416  -2.248513509892  -2.066676339315  -1.886329973011  -1.717671956198  -1.568540486460  -1.442476556248  -1.341160808208  -1.265337451451  -1.215349186195
          1       35.000 -14.000000000000   0.180000000000  -4.838833807806  -3.328694775960  -2.360967921715  -1.834675724427  -1.635862367914  -1.710360137685  -1.941164775934  -2.204076494831  -2.441860288815  -2.632884809313  -2.772602073318  -2.914090718715  -2.928706104224  -2.879129101011  -2.808601652063  -2.758132156648  -2.705068354484  -2.662165574820  -2.626350525581  -2.594510977786  -2.564493370200  -2.416023244477  -2.248127068923  -2.066726030920  -1.886685220974  -1.718205440442  -1.569166217365  -1.443142903464  -1.341842310942  -1.266023868122  -1.216036738609
          1       36.000 -17.000000000000   0.220000000000  -5.837010580714  -4.792078462902  -3.896882532765  -3.172633955459  -2.632666796131  -2.308786588977  -2.217107278097  -2.271811598494  -2.393547378478  -2.529709960356  -2.651898337995  -2.815271001707  -2.871341213873  -2.855829912480  -2.805476554524  -2.762299206149  -2.711232383913  -2.667023520086  -2.629308201527  -2.595969754186  -2.564972765033  -2.415428888792  -2.247744923721  -2.066771741894  -1.887037110644  -1.718736585199  -1.569790565153  -1.443808589250  -1.342523570950  -1.266710221758  -1.216724271754
