   1.0000000000000000     
  -17.000000000000000     
  -16.999938597112436     
  -16.999877194229995     
  -16.999815791357808     
  -16.999754388500996     
  -16.999692985664687     
  -16.999662284256143     
  -16.999631582854647     
  -16.999600881460843     
  -16.999570180075370     
  -16.999539478698868     
  -16.999508777331972     
  -16.999478075975325     
  -11.882587116832303     
  -6.7834940095299157     
  -6.5739760997808290     
  -6.3658602014126391     
  -6.1625435426178496     
  -5.9641330836330546     
  -5.7707293354545168     
  -5.5824260973866568     
  -5.3993101849838867     
  -5.2214611484278635     
  -5.0489509817409859     
  -4.8818438236586221     
  -4.7201956514686003     
  -4.5640539696756779     
  -4.4134574959566413     
  -4.2684358475305206     
  -4.1290092317673546     
  -3.9951881455830560     
  -3.8669730888989364     
  -3.7443542981595042     
  -3.6273115065742463     
  -3.5158137383463957     
  -3.4032184251527391     
  -3.2977323354638255     
  -3.1998386128775422     
  -3.1094755254233157     
  -3.0265485350465862     
  -2.9509296384643546     
  -2.8824573189803946     
  -2.8209371708857374     
  -2.7661432283609715     
  -2.7178199956801938     
  -2.6756851379678457     
  -2.6394327553400911     
  -2.6087371315995114     
  -2.5832568248741983     
  -2.5626389538416863     
  -2.5465235303101794     
  -2.5345476964601046     
  -2.5263497413424094     
  -2.5215727938626946     
  -2.5198681156844422     
  -2.5208979445709803     
  -2.5243378643711365     
  -2.5298787004546277     
  -2.5372279578968473     
  -2.5461108336885525     
  -2.5562708437889019     
  -2.5674701113848912     
  -2.5794893649053927     
  -2.5921276938839632     
  -2.6052021083810777     
  -2.6185469440027505     
  -2.6870670030374937     
  -2.7458445773019533     
  -2.7891172367278139     
  -2.8156039011440992     
  -2.8266122698839387     
  -2.8247393519941273     
  -2.8130308880269670     
  -2.7944730232498678     
  -2.7717170733432592     
  -2.7607810038046146     
  -2.7377628512871199     
  -2.7146786993686209     
  -2.6923240957591354     
  -2.6710978585504401     
  -2.6511215747489607     
  -2.6323410970858903     
  -2.6146047218352009     
  -2.5977183692953472     
  -2.5814811693108410     
  -2.5657061047583172     
  -2.4913207164623921     
  -2.4148677821209570     
  -2.3335331582888124     
  -2.2473677086002923     
  -2.1578264844257551     
  -2.0668136978431821     
  -1.9761518151869713     
  -1.8873856401511735     
  -1.7192653884923521     
  -1.5704135233334191     
  -1.4444736053844485     
  -1.3432045817815850     
  -1.2673965086721608     
  -1.2174117832223195     
