          1        1.000 -16.450000000000   0.020000000000  -1.341726700000  -0.402193300000  -0.002799231000  -0.196325300000  -0.400819480000  -0.594745000000  -0.822583850000  -1.210892300000  -1.495611800000  -1.693765000000  -1.827601300000  -1.970472600000  -2.036715000000  -2.073591500000  -2.095000000000  -2.101998600000  -2.102186400000  -2.098337200000  -2.091156500000  -2.081294800000  -2.069297600000  -1.987719200000  -1.888174000000  -1.780906100000  -1.672704700000  -1.568373000000  -1.472058900000  -1.386098500000  -1.312368900000  -1.252511000000  -1.207733500000
          1        2.000 -14.050000000000   0.020000000000 -13.460811129228 -10.458525305683  -7.581458786374  -5.143675750138  -3.319921040268  -2.146067870729  -1.440778326598  -1.227847303390  -1.425184959362  -1.622302226495  -1.769213461850  -1.940575898504  -2.023952985833  -2.067025114295  -2.090311931939  -2.098056093685  -2.098954868166  -2.095756372554  -2.089086022829  -2.079582532111  -2.067671311667  -1.986827582667  -1.887792225498  -1.780860347073  -1.672842345619  -1.568590694677  -1.472338329130  -1.386426648984  -1.312738832971  -1.252910993209  -1.208144582652
          1        3.000 -10.900000000000   0.070000000000 -10.714744118882  -9.614300904904  -8.269161934058  -6.860116672316  -5.535112140319  -4.401453822028  -3.322171758882  -2.075505294318  -1.640976423904  -1.632322269649  -1.733396762713  -1.913427640846  -2.010299989948  -2.060136964341  -2.086164041093  -2.094837965659  -2.096132017743  -2.093349347649  -2.087086331677  -2.077891332230  -2.066230119380  -1.986073223440  -1.887468372683  -1.780820277527  -1.672973948327  -1.568807810084  -1.472617408817  -1.386754613744  -1.313108460857  -1.253310495027  -1.208555092665
          1        4.000  -6.750000000000   0.160000000000  -7.471558670977  -7.424892643885  -7.084933553796  -6.535878913534  -5.868692342357  -5.168558273503  -4.341166680700  -3.077247069179  -2.255505202473  -1.880541707560  -1.791246267341  -1.895095373624  -1.995482565500  -2.052037029299  -2.081555611010  -2.091433645705  -2.093274005091  -2.090922641944  -2.085039050538  -2.076177402229  -2.064833464794  -1.985404446696  -1.887180395220  -1.780782815802  -1.673100619578  -1.569024228183  -1.472896137563  -1.387082387889  -1.313477783758  -1.253709511191  -1.208965037780
          1        5.000  -1.550000000000   0.500000000000  -6.013147909955  -6.098394998611  -6.024418666086  -5.811885834463  -5.491856968483  -5.100249062264  -4.561563016854  -3.599697478025  -2.800737661686  -2.262030023791  -1.983263546064  -1.910043705666  -1.984401698265  -2.043350641897  -2.076445560976  -2.087798034847  -2.090312097931  -2.088447940053  -2.082961824429  -2.074452545439  -2.063442150012  -1.984787733154  -1.886914482055  -1.780746239467  -1.673223204371  -1.569239859275  -1.473174509011  -1.387409964138  -1.313846799858  -1.254108044292  -1.209374422072
          1        6.000   1.050000000000   0.710000000000  -5.215778790379  -5.328789020621  -5.336141073621  -5.247411188319  -5.076586683375  -4.840844792072  -4.482778925029  -3.781648322259  -3.119366164045  -2.585055212226  -2.224621519542  -1.970830645097  -1.985164327462  -2.036042203388  -2.071096290858  -2.083933486587  -2.087210404113  -2.085900661612  -2.080848363587  -2.072710502045  -2.062038602476  -1.984200616835  -1.886661737429  -1.780709576095  -1.673342366041  -1.569454637696  -1.473452514961  -1.387737335348  -1.314215507317  -1.254506096847  -1.209783249540
          1        7.000   6.200000000000   0.000000000000   4.086491318051  -2.061970922956  -3.809340110249  -4.427833411634  -4.571122232774  -4.510439609708  -4.300738502152  -3.803080693428  -3.277345814649  -2.804418878177  -2.436196128240  -2.063972867087  -2.002962111962  -2.033002994876  -2.066220760908  -2.079989389132  -2.083984539816  -2.083267686298  -2.078686404484  -2.070940876927  -2.060612790488  -1.983627951734  -1.886416386624  -1.780672288788  -1.673458635756  -1.569668521511  -1.473730148178  -1.388064495698  -1.314583906027  -1.254903673971  -1.210191527196
          1        8.000   5.550000000000   0.000000000000   5.548269769299   2.140771238890  -0.490942789984  -1.697011159182  -2.551118574328  -3.093479872201  -3.413425782684  -3.497224775149  -3.259656961214  -2.917155745778  -2.590941883875  -2.167450011217  -2.036881356610  -2.036585166616  -2.062841789534  -2.076298072927  -2.080735957143  -2.080565934141  -2.076470028462  -2.069134402364  -2.059157512575  -1.983059635265  -1.886174715170  -1.780634083259  -1.673572416172  -1.569881480918  -1.474007399936  -1.388391439006  -1.314951995092  -1.255300779437  -1.210599260486
          1        9.000   1.550000000000   0.000000000000   1.550114836189   0.984957634440   0.018137341742  -0.803932296060  -1.482614033565  -2.009001987892  -2.461247151660  -2.899547540514  -2.980529257862  -2.856446548525  -2.648554808154  -2.259531890345  -2.081575856434  -2.047727180097  -2.061997864215  -2.073342506625  -2.077672268412  -2.077863164898  -2.074211771381  -2.067287109953  -2.057666636979  -1.982488614599  -1.885934261023  -1.780594764851  -1.673683967620  -1.570093471403  -1.474284250707  -1.388718153150  -1.315319765381  -1.255697404652  -1.211006440631
          1       10.000  -6.300000000000   0.280000000000  -0.249380379849  -0.000187383433  -0.135541030189  -0.617968723413  -1.081121241329  -1.486277627876  -1.898605848780  -2.416055339108  -2.654127519412  -2.691368128058  -2.607883758939  -2.319984033570  -2.128181796285  -2.065021842078  -2.064106170301  -2.071524882873  -2.075039860289  -2.075274579159  -2.071953755974  -2.065409550616  -2.056140058912  -1.981910398364  -1.885693358541  -1.780554287539  -1.673793619883  -1.570304522367  -1.474560708377  -1.389044641813  -1.315687229329  -1.256093573236  -1.211413095914
          1       11.000 -14.400000000000   0.290000000000  -1.247788031961  -0.182271366212  -0.217813008071  -0.578713930154  -0.928445246384  -1.247736532667  -1.598103144485  -2.092878127378  -2.383884913328  -2.508722054834  -2.514464780366  -2.341494234074  -2.167539207520  -2.085869381397  -2.069175582014  -2.071177586669  -2.073109296024  -2.072954787649  -2.069765490650  -2.063525371674  -2.054580824403  -1.981321477841  -1.885450846462  -1.780512548266  -1.673901491644  -1.570514594208  -1.474836749736  -1.389370890854  -1.316054374899  -1.256489272172  -1.211819212478
          1       12.000 -19.300000000000   0.300000000000  -3.806616349234  -2.558476672462  -1.746544156719  -1.328724839807  -1.214608751138  -1.283650866768  -1.485519787468  -1.888135802340  -2.181190275956  -2.347127925008  -2.408208659608  -2.332349028700  -2.193709659795  -2.106485126429  -2.076454822987  -2.072378567658  -2.072093463152  -2.071075172279  -2.067745597381  -2.061678785374  -2.053001912546  -1.980719114644  -1.885205773636  -1.780469454841  -1.674007683638  -1.570723653806  -1.475112351694  -1.389696886008  -1.316421190704  -1.256884489976  -1.212224778372
          1       13.000 -19.450000000000   0.320000000000  -4.563515890358  -3.685036473267  -2.972440433304  -2.433892135692  -2.068407825873  -1.861836975035  -1.780717051283  -1.877450857496  -2.068158777920  -2.223343474182  -2.309515790593  -2.305577204965  -2.206663282529  -2.123867753159  -2.084635867133  -2.074811368470  -2.072001682960  -2.069734968381  -2.065982187492  -2.059922958275  -2.051427436978  -1.980102284959  -1.884957560144  -1.780424997212  -1.674112357363  -1.570931729823  -1.475387516832  -1.390022627707  -1.316787684340  -1.257279242809  -1.212629813280
          1       14.000 -13.900000000000   0.390000000000  -4.849329322252  -4.237354667537  -3.664438838096  -3.166945656884  -2.766979865166  -2.473578268734  -2.244733943383  -2.070289427193  -2.088056878994  -2.168468805404  -2.238645917435  -2.271844135566  -2.208785092964  -2.136525040265  -2.092542080077  -2.078021377503  -2.072717208243  -2.068967582432  -2.064542303758  -2.058310938082  -2.049887869052  -1.979470447169  -1.884705704613  -1.780379125223  -1.674215595675  -1.571138823658  -1.475662235527  -1.390348109197  -1.317153853787  -1.257673532619  -1.213034320588
          1       15.000 -13.000000000000   0.450000000000  -4.703658341144  -4.292663262882  -3.892831291101  -3.519533557381  -3.188520574341  -2.912530968493  -2.648990615110  -2.337583120952  -2.209361187342  -2.190617869028  -2.212483146199  -2.241970607459  -2.203886525403  -2.144267807961  -2.099320482108  -2.081512210402  -2.074019848692  -2.068728618331  -2.063455080574  -2.056885175832  -2.048416610302  -1.978823888834  -1.884449794702  -1.780331784471  -1.674317461690  -1.571344938266  -1.475936498545  -1.390673323779  -1.317519697007  -1.258067361287  -1.213438303606
          1       16.000  -6.150000000000   0.520000000000  -4.349147569306  -4.163360493177  -3.923333620620  -3.662929833990  -3.407382887592  -3.174277359327  -2.925641802025  -2.577116772248  -2.366809486727  -2.266074594692  -2.230780371903  -2.224537610566  -2.196514725455  -2.147944375179  -2.104550488365  -2.084862026160  -2.075650192438  -2.068914337363  -2.062708615991  -2.055669940045  -2.047044520022  -1.978163743126  -1.884189487080  -1.780282915550  -1.674418003097  -1.571550077643  -1.476210297052  -1.390998264812  -1.317885211939  -1.258460730627  -1.213841765567
          1       17.000  -2.000000000000   0.860000000000  -3.860496350089  -3.820387670762  -3.724762172197  -3.590430536657  -3.434154253313  -3.270947099435  -3.072051706438  -2.750847979558  -2.513235773304  -2.362437158841  -2.279522301088  -2.223048032219  -2.190825409489  -2.149081474541  -2.108240677093  -2.087795402966  -2.077369476117  -2.069391464420  -2.062257410342  -2.054668788030  -2.045795061707  -1.977491952697  -1.883924501141  -1.780232454171  -1.674517255439  -1.571754246418  -1.476483622619  -1.391322925725  -1.318250396506  -1.258853642391  -1.214244709633
          1       18.000   1.150000000000   0.990000000000  -3.508652272703  -3.531615495046  -3.507702822251  -3.446706937305  -3.358697587207  -3.253383135254  -3.108698254023  -2.846459170412  -2.621910836645  -2.453525341905  -2.341024610742  -2.236022484556  -2.189560844487  -2.149401821707  -2.110737979127  -2.090209655040  -2.079002977216  -2.070028153712  -2.062036233758  -2.053866944322  -2.044681346718  -1.976811156127  -1.883654621302  -1.780180331829  -1.674615244615  -1.571957449551  -1.476756467213  -1.391647300018  -1.318615248614  -1.259246098268  -1.214647138890
          1       19.000   4.200000000000   0.000000000000   4.191510886438  -1.573402914186  -2.710004253724  -3.089526090287  -3.178631039793  -3.159580468833  -3.076185206328  -2.881452298027  -2.688436624291  -2.524726029548  -2.400375436444  -2.258828865387  -2.193665880330  -2.150359940773  -2.112573955037  -2.092159309270  -2.080462206289  -2.070718954344  -2.061975172786  -2.053236221803  -2.043704736110  -1.976124517247  -1.883379736557  -1.780126488490  -1.674711996729  -1.572159698260  -1.477028826381  -1.391971383202  -1.318979768320  -1.259638102800  -1.215049059633
          1       20.000   3.700000000000   0.000000000000   3.698700005881   1.129888143913  -0.569594584804  -1.399876725615  -1.988338320819  -2.369097783544  -2.616875951394  -2.749632791666  -2.686396962352  -2.565510603363  -2.448241468993  -2.286086727232  -2.202573037869  -2.152844355632  -2.114282451156  -2.093799946115  -2.081741317079  -2.071399942443  -2.062014290182  -2.052742837571  -2.042856359758  -1.975435375226  -1.883099871245  -1.780070885155  -1.674807545068  -1.572361014149  -1.477300701810  -1.392295174433  -1.319343959497  -1.260029665452  -1.215450483639
          1       21.000   0.850000000000   0.000000000000   0.850079453259   0.447291690894  -0.191320251696  -0.791003452214  -1.291604223719  -1.683968667516  -2.034044208395  -2.405802090570  -2.532459817074  -2.524770450608  -2.460264539055  -2.311144175363  -2.214902933693  -2.157280383673  -2.116312227412  -2.095321868222  -2.082886390824  -2.072046207559  -2.062114791627  -2.052361359578  -2.042128785463  -1.974747149503  -1.882814812715  -1.780013366012  -1.674901841468  -1.572561359302  -1.477572064226  -1.392618653953  -1.319707804896  -1.260420767492  -1.215851391053
          1       22.000  -6.100000000000   0.240000000000  -0.523307816865  -0.001933592385  -0.216522620898  -0.620343725955  -0.996995665264  -1.323719752512  -1.659637538364  -2.097373232507  -2.329266430091  -2.418540286950  -2.422166187470  -2.323906262709  -2.227628351005  -2.163316220363  -2.118905049322  -2.096914439813  -2.083988584712  -2.072670545013  -2.062252850468  -2.052062746817  -2.041501349109  -1.974063015941  -1.882524887739  -1.779953945365  -1.674994943694  -1.572760780860  -1.477842929794  -1.392941829520  -1.320071317672  -1.260811430630  -1.216251807367
          1       23.000 -12.700000000000   0.280000000000  -1.830120340820  -1.027942495337  -0.691912708375  -0.723852874398  -0.922329644330  -1.159585792838  -1.446558581982  -1.874647027785  -2.146954551719  -2.293782556395  -2.351422968304  -2.317957482191  -2.236606166899  -2.169977061038  -2.122096704078  -2.098712405703  -2.085139824851  -2.073307615609  -2.062428118973  -2.051835247770  -2.040963623388  -1.973386264518  -1.882230036094  -1.779892453561  -1.675086788584  -1.572959235009  -1.478113266157  -1.393264679089  -1.320434478305  -1.261201633476  -1.216651709861
          1       24.000 -16.900000000000   0.290000000000  -3.914281781885  -2.848590333758  -2.104628053515  -1.649432891661  -1.432016478750  -1.386171948661  -1.473088130126  -1.755141757475  -2.008229996908  -2.178379614364  -2.270861059965  -2.296369066028  -2.239049574428  -2.175698097820  -2.125574112006  -2.100731367779  -2.086403938579  -2.073999007924  -2.062651262025  -2.051670884302  -2.040501403794  -1.972719439883  -1.881930627591  -1.779828863076  -1.675177395077  -1.573156743411  -1.478383076792  -1.393587202478  -1.320797291049  -1.261591385924  -1.217051110804
          1       25.000 -19.650000000000   0.340000000000  -4.718974128812  -3.856059814710  -3.155112161626  -2.612189068082  -2.222677715568  -1.975853098431  -1.832124873467  -1.823717247849  -1.956803413575  -2.097273981569  -2.197487807336  -2.265272409502  -2.234555754719  -2.179192530690  -2.128839482845  -2.102862256364  -2.087785547846  -2.074770967701  -2.062936827075  -2.051569551839  -2.040106324622  -1.972064622794  -1.881627038221  -1.779763133528  -1.675266765577  -1.573353316246  -1.478652359772  -1.393909396210  -1.321159756299  -1.261980692609  -1.217450016537
          1       26.000 -14.850000000000   0.410000000000  -5.003851938339  -4.407860253851  -3.826111746894  -3.310344452299  -2.887129274418  -2.566628767137  -2.299595360577  -2.054599075368  -2.021341915600  -2.079223590368  -2.151279363599  -2.232266190321  -2.224447541512  -2.179805033909  -2.131394692993  -2.104913240065  -2.089228208295  -2.075622247464  -2.063293337522  -2.051533842410  -2.039774442773  -1.971423568101  -1.881319665863  -1.779695218524  -1.675354891204  -1.573548956104  -1.478921109524  -1.394231254527  -1.321521871873  -1.262369554746  -1.217848429579
          1       27.000 -12.800000000000   0.490000000000  -4.824050831988  -4.415434680422  -4.010997466630  -3.628339412907  -3.283892831499  -2.990846982189  -2.701939309481  -2.340936794657  -2.171444624563  -2.129293585483  -2.146473849178  -2.206060213241  -2.211427350412  -2.177619819361  -2.132893985335  -2.106672842214  -2.090631090006  -2.076520621455  -2.063715915571  -2.051563848101  -2.039503980418  -1.970797718441  -1.881008954288  -1.779625082259  -1.675441761381  -1.573743665036  -1.479189320681  -1.394552771770  -1.321883635585  -1.262757973494  -1.218246352380
          1       28.000  -7.450000000000   0.600000000000  -4.459958044241  -4.256483397980  -4.008765282863  -3.742898196277  -3.480258930766  -3.237155290737  -2.972168252670  -2.589415397514  -2.347452931413  -2.225451609638  -2.182309938532  -2.193623022464  -2.199002594864  -2.173429973957  -2.133238487229  -2.107974240141  -2.091879585276  -2.077410386121  -2.064184226422  -2.051653641051  -2.039293104891  -1.970188273037  -1.880695381704  -1.779552700665  -1.675527364214  -1.573937444547  -1.479456988051  -1.394873942380  -1.322245045244  -1.263145949959  -1.218643787323
          1       29.000  -1.700000000000   1.030000000000  -4.024108191061  -3.957119596560  -3.838081009261  -3.683937594765  -3.510845366988  -3.332956884715  -3.117423229579  -2.767953472362  -2.505556705944  -2.336723638272  -2.245058285168  -2.197532065146  -2.190446907256  -2.168529718312  -2.132604875836  -2.108744000732  -2.092878712341  -2.078227225789  -2.064665798627  -2.051790040314  -2.039137865015  -1.969596233970  -1.880379450498  -1.779478062235  -1.675611686855  -1.574130295602  -1.479724106605  -1.395194760897  -1.322606098659  -1.263533485195  -1.219040736724
          1       30.000   1.550000000000   1.130000000000  -3.683652344417  -3.681455600038  -3.634741395943  -3.553232425096  -3.446882212438  -3.325250796733  -3.162549331297  -2.871818199703  -2.624261137048  -2.439315385712  -2.317692387786  -2.215801199030  -2.187829162226  -2.164341523372  -2.131396853986  -2.109024070665  -2.093580419345  -2.078915639671  -2.065123335415  -2.051953925534  -2.039030959152  -1.969022418216  -1.880061678358  -1.779401168525  -1.675694715864  -1.574322218637  -1.479990671452  -1.395515221961  -1.322966793640  -1.263920580204  -1.219437202833
          1       31.000   4.500000000000   0.000000000000   4.490881926560  -2.014254884735  -3.024702403831  -3.274327831063  -3.300328049883  -3.249670801406  -3.142560880880  -2.916937534461  -2.700883093639  -2.520704852793  -2.386515313705  -2.243653329710  -2.191624352085  -2.162022695519  -2.130130085415  -2.108960911752  -2.093998073042  -2.079444493115  -2.065523986310  -2.052123646304  -2.038961616344  -1.968467369226  -1.879742593348  -1.779322042170  -1.675776442217  -1.574513216853  -1.480256679807  -1.395835321602  -1.323327129275  -1.264307237480  -1.219833189523
          1       32.000   4.300000000000   0.000000000000   4.298509611313   1.447902816321  -0.541045004261  -1.435893358204  -2.052845299460  -2.441781556294  -2.683254653812  -2.792580317157  -2.707383950713  -2.570230798853  -2.442609112550  -2.275721797370  -2.200976057427  -2.162221223861  -2.129291730352  -2.108762241374  -2.094201161279  -2.079814797450  -2.065847486348  -2.052279655928  -2.038916987014  -1.967931303864  -1.879422717761  -1.779240727380  -1.675856862660  -1.574703296807  -1.480522131387  -1.396155057551  -1.323687106187  -1.264693461257  -1.220228702535
          1       33.000   0.250000000000   0.000000000000   0.299247629659   0.261181139747  -0.164578702296  -0.782364725139  -1.301251307204  -1.706753793305  -2.064712337260  -2.436444604138  -2.553792694104  -2.534821725952  -2.461176829881  -2.305210599887  -2.214209101637  -2.165131130094  -2.129276209353  -2.108654202504  -2.094295110869  -2.080054569416  -2.066087386227  -2.052407089898  -2.038884300616  -1.967414805740  -1.879102560167  -1.779157208417  -1.675935929654  -1.574892433491  -1.480787006975  -1.396474415126  -1.324046712772  -1.265079241072  -1.220623731582
          1       34.000  -7.300000000000   0.210000000000  -1.060344059315  -0.414673396300  -0.294187809748  -0.638118323408  -1.007595033537  -1.335410783795  -1.674329607935  -2.115049832496  -2.345025568268  -2.429126672797  -2.426928942475  -2.321913249846  -2.228139537444  -2.170196506849  -2.130226819047  -2.108816963032  -2.094402834967  -2.080222548773  -2.066259874569  -2.052501691733  -2.038852283167  -1.966916729609  -1.878782613822  -1.779071641664  -1.676013696738  -1.575080671111  -1.481051330103  -1.396793407858  -1.324405964836  -1.265464599109  -1.221018301905
          1       35.000 -14.650000000000   0.230000000000  -2.865524201506  -1.958950477537  -1.427787142407  -1.205454603344  -1.199254224715  -1.312656489564  -1.523440374490  -1.901767480970  -2.161834373372  -2.303529045190  -2.357223293759  -2.318651171267  -2.238367346909  -2.176346401860  -2.132150939117  -2.109395003548  -2.094642534093  -2.080383484350  -2.066388414859  -2.052564669696  -2.038813268731  -1.966437858028  -1.878463397640  -1.778983948753  -1.676090059844  -1.575267944045  -1.481315056959  -1.397112004771  -1.324764834961  -1.265849506215  -1.221412382947
          1       36.000 -17.400000000000   0.280000000000  -4.707478130811  -3.635420603778  -2.830156566872  -2.271665472533  -1.928710905484  -1.759906031849  -1.721052210470  -1.857363958056  -2.049638187921  -2.196516206927  -2.279583236043  -2.299090049126  -2.241956908851  -2.181845212487  -2.134650324093  -2.110379671812  -2.095085825043  -2.080603502713  -2.066510873234  -2.052609034022  -2.038764967077  -1.965976779579  -1.878145362449  -1.778894278411  -1.676165055107  -1.575454282143  -1.481578202773  -1.397430213997  -1.325123333562  -1.266233978070  -1.221805992856
