   1.0000000000000000     
  -17.399999999999999     
  -17.399932093175650     
  -17.399864186358727     
  -17.399796279556654     
  -17.399728372776849     
  -17.399660466026742     
  -17.399626512665609     
  -17.399592559314684     
  -17.399558605974899     
  -17.399524652647177     
  -17.399490699332446     
  -17.399456746031639     
  -17.399422792745671     
  -11.740544427692258     
  -6.1074447740707063     
  -5.8873964151891007     
  -5.6693411644452958     
  -5.4576524241314139     
  -5.2524591951115793     
  -5.0538768498337179     
  -4.8620067633265238     
  -4.6769360030938936     
  -4.4987370780629767     
  -4.3274677462712461     
  -4.1631708806342527     
  -4.0058743919425934     
  -3.8555912082120294     
  -3.7123193096637452     
  -3.5760418189412015     
  -3.4467271466612677     
  -3.3243291930207790     
  -3.2087876068888459     
  -3.1000281045466824     
  -2.9979628509107830     
  -2.9024909065991880     
  -2.8134987444744683     
  -2.7308608392217320     
  -2.6544403330077828     
  -2.5840897792546773     
  -2.5196519650194218     
  -2.4609608104203300     
  -2.4078423410620560     
  -2.3601157266124662     
  -2.3175943757505393     
  -2.2800870748451003     
  -2.2039099285477679     
  -2.1425583381212219     
  -2.0958728680933119     
  -2.0621742532840455     
  -2.0397594029660846     
  -2.0269576046288948     
  -2.0221770530091341     
  -2.0239394264952804     
  -2.0309022550405982     
  -2.0418703032726393     
  -2.0557980124732262     
  -2.0717852943344250     
  -2.0890688285884957     
  -2.1070106689763732     
  -2.1250855476395580     
  -2.1428678736365718     
  -2.1600190891224118     
  -2.1762757891088258     
  -2.1914388232864939     
  -2.2053634694789928     
  -2.2179506845630939     
  -2.2599579064599200     
  -2.2708678362735673     
  -2.2605216105813160     
  -2.2385506322825521     
  -2.2120602392589706     
  -2.1852912348518045     
  -2.1601800304375951     
  -2.1371685738331530     
  -2.1159166286656399     
  -2.1116442540187972     
  -2.1035110760441360     
  -2.0957412307380809     
  -2.0882377227541333     
  -2.0809250862771762     
  -2.0737468647931889     
  -2.0666614613428429     
  -2.0596377794762026     
  -2.0526514279468033     
  -2.0456818050302452     
  -2.0387100875448421     
  -2.0035449139842014     
  -1.9655325869549096     
  -1.9235607816228570     
  -1.8778289336872986     
  -1.8292252102896172     
  -1.7788027165308387     
  -1.7275323513799103     
  -1.6762386741070046     
  -1.5756396830984547     
  -1.4818407632089738     
  -1.3977480307965082     
  -1.3254814584737309     
  -1.2666180153408162     
  -1.2221991334429818     
