          1        1.000 -16.750000000000   0.020000000000  -2.173630200000  -1.519847600000  -1.117330900000  -0.952065600000  -0.972920100000  -1.108445900000  -1.317412700000  -1.535824200000  -1.733173100000  -1.898743200000  -2.030893000000  -2.205563500000  -2.293691600000  -2.330762100000  -2.341564000000  -2.341095700000  -2.333843700000  -2.321753300000  -2.305699600000  -2.286153800000  -2.263623200000  -2.121605000000  -1.962336000000  -1.801154400000  -1.646547100000  -1.504332700000  -1.379137200000  -1.272670600000  -1.185602000000  -1.118325500000  -1.071174400000
          1        2.000 -14.400000000000   0.020000000000 -13.816385247370 -10.830753256416  -7.951096904221  -5.486944884379  -3.574169457006  -2.300199045001  -1.747191601772  -1.640359562674  -1.715648124608  -1.838151641531  -1.958121271623  -2.142895794254  -2.252118660006  -2.307308484059  -2.329761057506  -2.334202401738  -2.329652992655  -2.318587187225  -2.303017772776  -2.283811180061  -2.261399868301  -2.120745922984  -1.962241619824  -1.801478617128  -1.646982409400  -1.504793757383  -1.379639420400  -1.273186605774  -1.186124328317  -1.118852863852  -1.071703954271
          1        3.000 -11.600000000000   0.070000000000 -11.377172022348 -10.095195867525  -8.576866205687  -7.000616263882  -5.494099966289  -4.140794937442  -3.118463572665  -2.457402695294  -2.114111526599  -1.991613987054  -1.988902825293  -2.106518277278  -2.215858791216  -2.282688552204  -2.315532826000  -2.325311879934  -2.324476445996  -2.315152944625  -2.300365684655  -2.281550724708  -2.259442975256  -2.120014573518  -1.962158496188  -1.801749815902  -1.647394279389  -1.505254864794  -1.380140944669  -1.273702429796  -1.186646645393  -1.119380182509  -1.072233427035
          1        4.000  -7.400000000000   0.160000000000  -7.932591912709  -7.825480555038  -7.372208019776  -6.672219633589  -5.823527177313  -4.895820749280  -4.032686733780  -3.312023754249  -2.775132354274  -2.424799704485  -2.231408218262  -2.146646195196  -2.199940501188  -2.261050591715  -2.299973327255  -2.314597417571  -2.317942642856  -2.310973487259  -2.297384600863  -2.279206310080  -2.257559817968  -2.119360155615  -1.962079849414  -1.801984515216  -1.647788547003  -1.505715475854  -1.380641797119  -1.274218063449  -1.187168945839  -1.119907455825  -1.072762820086
          1        5.000  -2.100000000000   0.560000000000  -6.365637628430  -6.400302687194  -6.241637515800  -5.919498487737  -5.468722431597  -4.909920184914  -4.318823709186  -3.751899984780  -3.254509083131  -2.855976167465  -2.566943897611  -2.282634541449  -2.229181923957  -2.254316542427  -2.287358508657  -2.303673979784  -2.310401561270  -2.306008477338  -2.293975707276  -2.276700466178  -2.255663080264  -2.118749023351  -1.962001573056  -1.802194017520  -1.648169417728  -1.506175201432  -1.381141988750  -1.274733498847  -1.187691224323  -1.120434683571  -1.073292135117
          1        6.000   0.700000000000   0.840000000000  -5.476446773158  -5.551089413535  -5.500485579314  -5.337187929987  -5.077099725213  -4.724704387856  -4.321069862485  -3.901787726950  -3.499546041304  -3.141035445250  -2.844398304951  -2.459631566809  -2.303791883830  -2.272137611537  -2.283795177685  -2.295703225807  -2.302961755461  -2.300525151559  -2.290134660668  -2.273966174097  -2.253683750168  -2.118158378657  -1.961921161417  -1.802386022360  -1.648539934645  -1.506633765500  -1.381641521369  -1.275248728520  -1.188213475586  -1.120961865435  -1.073821373721
          1        7.000   6.000000000000   0.000000000000   4.096061783566  -2.271693142217  -4.108950001421  -4.615046225466  -4.651022707516  -4.484009220560  -4.220823945783  -3.915954933792  -3.601444268985  -3.300688390321  -3.031155157212  -2.623792530972  -2.401385459411  -2.312983692862  -2.292957995732  -2.293970804293  -2.297376391815  -2.295206993761  -2.286043792479  -2.271003605028  -2.251572925335  -2.117572245088  -1.961837078072  -1.802565795963  -1.648902346361  -1.507090981997  -1.382140394331  -1.275763746437  -1.188735694649  -1.121489001292  -1.074350537809
          1        8.000   5.400000000000   0.000000000000   5.398563232779   2.566729068971  -0.041507167229  -1.611462844398  -2.673710486792  -3.325030575093  -3.598556493197  -3.627992137095  -3.514852763648  -3.331644395549  -3.126644019258  -2.751786936729  -2.499902580920  -2.367867362303  -2.314251388834  -2.300158678430  -2.295346533807  -2.291021839943  -2.282100988718  -2.267918307822  -2.249316379547  -2.116978906027  -1.961748279564  -1.802736774880  -1.649258218713  -1.507546708024  -1.382638595427  -1.276278544236  -1.189257876237  -1.122016090421  -1.074879628349
          1        9.000   1.300000000000   0.000000000000   1.300274385460   1.010049806498   0.232545924227  -0.712948007348  -1.597536371743  -2.317567360199  -2.789602904635  -3.054024153471  -3.157991427506  -3.148542941210  -3.067872484907  -2.813707473262  -2.580056610202  -2.425741508888  -2.343891011779  -2.313782104641  -2.297809759207  -2.288891805693  -2.278844270926  -2.264931838927  -2.246956115633  -2.116369334128  -1.961653994518  -1.802901287036  -1.649608717670  -1.508000840935  -1.383136109590  -1.276793113373  -1.189780015025  -1.122543132018  -1.075408646246
          1       10.000  -6.900000000000   0.320000000000  -0.533141852378  -0.191529386502  -0.350922516509  -0.812303908404  -1.343998358077  -1.871713290371  -2.297441410008  -2.603647509751  -2.795436855335  -2.889372799236  -2.907131157762  -2.796333073700  -2.622885882554  -2.474109369232  -2.376001049090  -2.332433999745  -2.304550656926  -2.289294794545  -2.276743909531  -2.262317938556  -2.244594859493  -2.115737680269  -1.961553760260  -1.803060980642  -1.649954813346  -1.508453353915  -1.383632939042  -1.277307451610  -1.190302107053  -1.123070126507  -1.075937594223
          1       11.000 -14.850000000000   0.330000000000  -2.014734468516  -1.389471424943  -1.149691943213  -1.201148755656  -1.423491889062  -1.744669698899  -2.064689915759  -2.333357668331  -2.533745822792  -2.664841551134  -2.733875262229  -2.729079968594  -2.625224698476  -2.503008920852  -2.403822423497  -2.352514860484  -2.314522490390  -2.292306622113  -2.276154403329  -2.260363380404  -2.242383573965  -2.115079651281  -1.961446842729  -1.803216716521  -1.650297025153  -1.508904154594  -1.384129048067  -1.277821544033  -1.190824145794  -1.123597071698  -1.076466471173
          1       12.000 -19.750000000000   0.330000000000  -3.812241205703  -2.920721382797  -2.328993923751  -1.994203063295  -1.857697398839  -1.893669942399  -2.039481568068  -2.215441252628  -2.377132062780  -2.504096155242  -2.589943717779  -2.647008059603  -2.600749086812  -2.511939530282  -2.422932746086  -2.370203473285  -2.325751291015  -2.297303543010  -2.277079101180  -2.259242633565  -2.240483436246  -2.114395489945  -1.961332831641  -1.803369188841  -1.650635904038  -1.509353245737  -1.384624433816  -1.278335386854  -1.191346127093  -1.124123967610  -1.076995279237
          1       13.000 -19.750000000000   0.360000000000  -5.031903893767  -4.126541479569  -3.406926128650  -2.870050287661  -2.495493713599  -2.282565707482  -2.225205360760  -2.261113781772  -2.338649818350  -2.423118031200  -2.494805205227  -2.571686501725  -2.563840490669  -2.505836006662  -2.432500158798  -2.383193405032  -2.336332265375  -2.303334750280  -2.279245892567  -2.258995500171  -2.239027591970  -2.113688774145  -1.961211258605  -1.803518761579  -1.650971808778  -1.509800615718  -1.385119082554  -1.278848972484  -1.191868046083  -1.124650813446  -1.077524019347
          1       14.000 -14.250000000000   0.420000000000  -5.148476794329  -4.592252922826  -4.029482557093  -3.516687017532  -3.081518210644  -2.744848312838  -2.539932988030  -2.441668854612  -2.416178510153  -2.431401952301  -2.462655687338  -2.518685991525  -2.526705764422  -2.491288236631  -2.434137652641  -2.390892298227  -2.344943076389  -2.309412780591  -2.282189495256  -2.259517208034  -2.238088498264  -2.112966601401  -1.961081731084  -1.803665625853  -1.651305007670  -1.510246261205  -1.385612980883  -1.279362293248  -1.192389897927  -1.125177608348  -1.078052692344
          1       15.000 -13.700000000000   0.470000000000  -5.054759151055  -4.611347007782  -4.182890457552  -3.780577249978  -3.412008168494  -3.085749753687  -2.837541574824  -2.667041617410  -2.563905564309  -2.511610362160  -2.492261030543  -2.497730239280  -2.499221837155  -2.474916084376  -2.430690681604  -2.394008993037  -2.351023268247  -2.314777044741  -2.285401930225  -2.260601484324  -2.237664214694  -2.112238801921  -1.960943987085  -1.803809855739  -1.651635701361  -1.510690184712  -1.386106115903  -1.279875341405  -1.192911677816  -1.125704351398  -1.078581298984
          1       16.000  -6.800000000000   0.550000000000  -4.674877631663  -4.466359050483  -4.194378591381  -3.895744288317  -3.594100812776  -3.302445696657  -3.055651250360  -2.861247015164  -2.718767825909  -2.621917937615  -2.561018239992  -2.508329961267  -2.487312074403  -2.462343787076  -2.425415887988  -2.394056584690  -2.354696463992  -2.319014222914  -2.288459116282  -2.262004581702  -2.237686803356  -2.111516669293  -1.960797951572  -1.803951447468  -1.651964039477  -1.511132392783  -1.386598475308  -1.280388109161  -1.193433380964  -1.126231041622  -1.079109839932
          1       17.000  -2.550000000000   0.890000000000  -4.165819241513  -4.105990184093  -3.981140209425  -3.810921903046  -3.612209887554  -3.394125094340  -3.185821279804  -3.001641894825  -2.849311300211  -2.730692315186  -2.643206284120  -2.541221759245  -2.491487212690  -2.457006830150  -2.421216714845  -2.392860838770  -2.356582544089  -2.322065658056  -2.291093951471  -2.263504152654  -2.238046211001  -2.110811506649  -1.960643780810  -1.804090347743  -1.652290132827  -1.511572894650  -1.387090047441  -1.280900588693  -1.193955002601  -1.126757677988  -1.079638315774
          1       18.000   0.800000000000   1.090000000000  -3.796497115509  -3.801237140477  -3.752989963079  -3.662707977359  -3.540647089918  -3.390566252885  -3.231778256105  -3.077523968939  -2.937444425907  -2.817297712408  -2.719218076562  -2.584870043279  -2.508272025050  -2.459735668452  -2.420012240698  -2.392070910349  -2.357547179234  -2.324157479826  -2.293216597108  -2.264939691833  -2.238619601818  -2.110133320297  -1.960481884497  -1.804226474962  -1.652614062413  -1.512011701220  -1.387580821314  -1.281412772167  -1.194476537974  -1.127284259410  -1.080166727009
          1       19.000   4.000000000000   0.000000000000   3.993820726908  -2.006992437194  -3.171436924854  -3.407144587717  -3.410045711846  -3.333348012042  -3.223861550460  -3.103686509967  -2.984834045533  -2.874776244356  -2.777871779297  -2.628919276666  -2.532339631470  -2.469294880301  -2.422525996754  -2.392809852249  -2.358442504255  -2.325682151896  -2.294891874300  -2.266230935082  -2.239297564826  -2.109489749599  -1.960312946790  -1.804359747814  -1.652935894620  -1.512448831185  -1.388070789957  -1.281924653032  -1.194997982736  -1.127810784982  -1.080695074316
          1       20.000   3.600000000000   0.000000000000   3.598924829358   1.488956655458  -0.369716897421  -1.468892209656  -2.229687085114  -2.702564917762  -2.916799432025  -2.975411691488  -2.949997246619  -2.886058295676  -2.809871801191  -2.665969592744  -2.558456009739  -2.483361916877  -2.428499052248  -2.395580351364  -2.359919753615  -2.327063665626  -2.296281003971  -2.267371866706  -2.240002588298  -2.108886053814  -1.960137823409  -1.804490069604  -1.653255665389  -1.512884293618  -1.388559942321  -1.282436223006  -1.195519332037  -1.128337253420  -1.081223357915
          1       21.000   0.600000000000   0.000000000000   0.608628974212   0.416464657828  -0.106506813498  -0.830175382563  -1.500051123866  -2.049178245590  -2.416207260953  -2.635734217425  -2.745457855096  -2.780083397191  -2.768223307583  -2.679000652658  -2.579689426866  -2.498857587785  -2.436963380784  -2.400328312057  -2.362354285251  -2.328666430987  -2.297585421688  -2.268412242219  -2.240694485389  -2.108325377905  -1.959957519400  -1.804617332761  -1.653573382974  -1.513318086249  -1.389048262119  -1.282947471527  -1.196040580276  -1.128863662968  -1.081751577512
          1       22.000  -6.700000000000   0.280000000000  -1.178808719198  -0.776346051258  -0.719962642762  -0.957068083817  -1.329285144238  -1.737718533443  -2.081400882238  -2.337862393482  -2.510696093985  -2.613164620900  -2.661485124441  -2.652383293361  -2.585215529635  -2.510684915090  -2.445984991447  -2.406377902863  -2.365771539029  -2.330711722315  -2.298988405185  -2.269432472674  -2.241369150777  -2.107807657070  -1.959773274820  -1.804741536196  -1.653889102033  -1.513750253130  -1.389535757223  -1.283458397284  -1.196561724804  -1.129390013498  -1.082279734531
          1       23.000 -13.200000000000   0.310000000000  -2.596812457000  -2.019231891637  -1.674463795968  -1.542690086245  -1.574299954286  -1.737747233344  -1.956025968755  -2.164564297674  -2.335164820600  -2.459760043847  -2.540441949760  -2.596301939485  -2.570329828140  -2.513406131882  -2.452640886590  -2.412363135945  -2.369835926136  -2.333253687225  -2.300617489012  -2.270515038026  -2.242048095237  -2.107333511793  -1.959586220500  -1.804862561099  -1.654202775844  -1.514180762283  -1.390022397585  -1.283968983916  -1.197082758094  -1.129916302072  -1.082807827407
          1       24.000 -17.350000000000   0.320000000000  -3.889054124878  -3.120909694746  -2.576212216195  -2.223178637747  -2.023024922027  -1.965726353072  -2.022404714236  -2.131618551408  -2.251625744189  -2.358819042668  -2.442413112608  -2.531939912861  -2.540856548371  -2.505812838900  -2.454625816658  -2.416594148780  -2.373787169952  -2.336088917893  -2.302488610527  -2.271715579974  -2.242765449651  -2.106901248561  -1.959397636418  -1.804980440746  -1.654514431084  -1.514609645917  -1.390508186767  -1.284479228157  -1.197603676843  -1.130442528080  -1.083335857007
          1       25.000 -19.900000000000   0.360000000000  -5.070364792479  -4.181841914121  -3.483520653196  -2.957157133577  -2.575751325746  -2.333618538528  -2.232095311140  -2.223057441505  -2.264549400615  -2.325871317820  -2.387511687867  -2.476738850167  -2.506018889005  -2.490464826107  -2.451416589306  -2.417946111652  -2.376787759024  -2.338830564168  -2.304494307747  -2.273038076884  -2.243550446857  -2.106509727493  -1.959208719694  -1.805095198052  -1.654824063200  -1.515036913743  -1.390993117787  -1.284989122517  -1.198124476372  -1.130968690076  -1.083863823284
          1       26.000 -15.250000000000   0.420000000000  -5.286904265277  -4.698653360256  -4.112879773551  -3.581738805277  -3.128841937183  -2.770817910894  -2.540666379430  -2.415852288962  -2.366439984274  -2.363650372402  -2.384516309980  -2.442688395564  -2.474727692459  -2.471757980428  -2.444108866003  -2.416227649251  -2.378253443539  -2.341050537735  -2.306434172629  -2.274426670500  -2.244412410301  -2.106158083869  -1.959020614388  -1.805206886606  -1.655131664604  -1.515462574623  -1.391477184069  -1.285498659597  -1.198645152015  -1.131494786565  -1.084391726122
          1       27.000 -13.500000000000   0.500000000000  -5.145905889185  -4.708291806794  -4.269036263240  -3.849056657321  -3.459895228416  -3.110975442858  -2.840258813916  -2.648696443866  -2.527380709499  -2.461134677640  -2.432969876856  -2.436889464829  -2.454160408797  -2.454398037511  -2.434756782424  -2.412089257116  -2.378028651265  -2.342434073414  -2.308086089819  -2.275781331255  -2.245332504793  -2.105845709246  -1.958834400617  -1.805315589664  -1.655437226029  -1.515886636559  -1.391960379408  -1.286007832095  -1.199165699114  -1.132020816008  -1.084919565333
          1       28.000  -8.100000000000   0.620000000000  -4.760358929555  -4.528724749495  -4.244715456286  -3.937418801907  -3.626213434013  -3.321820169334  -3.059866589748  -2.849667913044  -2.692689415002  -2.584167042561  -2.515367157869  -2.459219391987  -2.448771595612  -2.442491405872  -2.425762162454  -2.406737754830  -2.376386062523  -2.342870603370  -2.309279194156  -2.276989620220  -2.246266121873  -2.105571964576  -1.958651091058  -1.805421418291  -1.655740737720  -1.516309106726  -1.392442697930  -1.286516632810  -1.199686113027  -1.132546776817  -1.085447340658
          1       29.000  -2.250000000000   1.100000000000  -4.301625432694  -4.210790610107  -4.059581337465  -3.867298459965  -3.649732835820  -3.414737671755  -3.191610199298  -2.994156084526  -2.830208097320  -2.702118699615  -2.607855097345  -2.501515880371  -2.458771639834  -2.438588802164  -2.419310715409  -2.401605224266  -2.373923184615  -2.342472449838  -2.309942266499  -2.277960220350  -2.247154425219  -2.105335761335  -1.958471629372  -1.805524508985  -1.656042190483  -1.516729991521  -1.392924134055  -1.287025054642  -1.200206389121  -1.133072667361  -1.085975051770
          1       30.000   1.200000000000   1.260000000000  -3.939215669053  -3.919034971154  -3.846378841281  -3.733328767988  -3.590335343468  -3.420940459042  -3.245645319822  -3.077457347678  -2.925902849978  -2.796756296334  -2.692236572761  -2.552853017635  -2.480695986106  -2.443094410610  -2.416828736326  -2.397982870835  -2.371395770105  -2.341535765346  -2.310119891582  -2.278647749807  -2.247940246819  -2.105135182916  -1.958296885907  -1.805625020977  -1.656341576603  -1.517149296646  -1.393404682466  -1.287533090601  -1.200726522779  -1.133598485963  -1.086502698276
          1       31.000   4.350000000000   0.000000000000   4.343477522843  -2.029457623884  -3.242908457012  -3.479724284680  -3.468160648955  -3.373172684431  -3.246925672384  -3.112429883479  -2.981788814246  -2.862469371051  -2.758813119339  -2.603662787197  -2.509384668347  -2.454578769019  -2.418722793416  -2.396712581738  -2.369519060265  -2.340457519976  -2.309957994293  -2.279064524890  -2.248583735287  -2.104967178967  -1.958127624131  -1.805723141979  -1.656638898733  -1.517567033328  -1.393884341589  -1.288040735363  -1.201246509989  -1.134124231197  -1.087030279970
          1       32.000   4.150000000000   0.000000000000   3.780188765996   1.736437964546  -0.247721861937  -1.420735685963  -2.218758108051  -2.708350506241  -2.925750886751  -2.981053301844  -2.949636697021  -2.879201605798  -2.797327062098  -2.646802281729  -2.539802430709  -2.470684237776  -2.424565132568  -2.398113073365  -2.368828525076  -2.339639410002  -2.309661726021  -2.279272629561  -2.249069888855  -2.104828105384  -1.957964581144  -1.805819049810  -1.656934138144  -1.517983193881  -1.394363099561  -1.288547979056  -1.201766345000  -1.134649900720  -1.087557795815
          1       33.000   0.000000000000   0.110000000000   0.345451288972   0.265559667468  -0.109815889492  -0.804093592534  -1.474331917109  -2.031622167554  -2.405902157200  -2.629214287759  -2.739486175691  -2.772515442990  -2.758117752446  -2.664436467704  -2.564878904888  -2.488240507169  -2.433231294410  -2.401960491788  -2.369578898192  -2.339402464467  -2.309452338739  -2.279373558171  -2.249415296222  -2.104713319737  -1.957808314089  -1.805912963373  -1.657227303907  -1.518397788670  -1.394840955193  -1.289054816545  -1.202286023812  -1.135175493016  -1.088085245477
          1       34.000  -7.900000000000   0.220000000000  -1.015131190867  -0.519799197781  -0.534493920057  -0.868656929307  -1.291573289662  -1.719372759669  -2.068768563770  -2.327316239478  -2.500893011524  -2.603271038310  -2.650950045827  -2.640203978692  -2.573282223639  -2.501949267633  -2.442677828971  -2.407478465375  -2.371710978240  -2.339922612908  -2.309512859221  -2.279480012142  -2.249662024693  -2.104618008143  -1.957659187895  -1.806005120442  -1.657518424933  -1.518810839802  -1.395317914599  -1.289561246153  -1.202805543799  -1.135701007183  -1.088612629088
          1       35.000 -15.100000000000   0.240000000000  -3.192288839097  -2.236237052277  -1.697061559056  -1.490693110133  -1.509671451136  -1.688090590162  -1.923554664263  -2.143254560037  -2.319830593529  -2.447221605288  -2.529023892651  -2.585295419791  -2.560297595597  -2.506162208276  -2.449819568091  -2.413183874079  -2.374814026792  -2.341217340770  -2.309969188922  -2.279697688360  -2.249866050369  -2.104538376411  -1.957517697391  -1.806095708531  -1.657807462245  -1.519222314755  -1.395793952266  -1.290067251734  -1.203324896626  -1.136226439475  -1.089139944369
          1       36.000 -17.850000000000   0.280000000000  -5.069176450221  -3.938222105675  -3.097424168068  -2.519566034521  -2.159401882039  -2.004190413433  -2.018978535275  -2.115192207973  -2.233725258619  -2.342786472446  -2.428540082987  -2.520914029986  -2.531886955305  -2.499616382799  -2.452224306058  -2.417267295852  -2.378042713153  -2.343035887284  -2.310824152325  -2.280095445499  -2.250089691164  -2.104470935132  -1.957383950380  -1.806184977677  -1.658094453631  -1.519632235544  -1.396269074582  -1.290572831746  -1.203844079651  -1.136751788889  -1.089667191324
