   1.0000000000000000     
  -17.850000000000001     
  -17.849931525060263     
  -17.849863050127677     
  -17.849794575209391     
  -17.849726100312555     
  -17.849657625444323     
  -17.849623388023609     
  -17.849589150612729     
  -17.849554913212579     
  -17.849520675824049     
  -17.849486438448032     
  -17.849452201085420     
  -17.849417963737107     
  -12.143195777049034     
  -6.4618018917736304     
  -6.2285843184277629     
  -5.9973195854665864     
  -5.7727626797077853     
  -5.5550551495323521     
  -5.3443204644718012     
  -5.1406635099072879     
  -4.9441701763898989     
  -4.7549070457291940     
  -4.5729211752728878     
  -4.3982399811984152     
  -4.2308712211761801     
  -4.0708030764531893     
  -3.9180043332401446     
  -3.7724246632468783     
  -3.6339950032669677     
  -3.5026280338148399     
  -3.3782187569069384     
  -3.2606451730817629     
  -3.1497690575957229     
  -3.0454368353377026     
  -2.9414225723376939     
  -2.8457787646313273     
  -2.7589556340903432     
  -2.6806901465250199     
  -2.6106783827123099     
  -2.5485787592262108     
  -2.4940161527068132     
  -2.4465868102469956     
  -2.4058638763494740     
  -2.3714033278778626     
  -2.3427500871032136     
  -2.3194440812234713     
  -2.3010260336584945     
  -2.2870428045934221     
  -2.2770521406386726     
  -2.2706267404970770     
  -2.2673575899637233     
  -2.2668565612994191     
  -2.2687583063086429     
  -2.2727214980565904     
  -2.2784294930415907     
  -2.2855904946457417     
  -2.2939373011822326     
  -2.3032267194063158     
  -2.3132387184858341     
  -2.3237753914793808     
  -2.3346597824319164     
  -2.3457346280833611     
  -2.3568610544587854     
  -2.3679172606215384     
  -2.3787972148102292     
  -2.4291799340812950     
  -2.4663288921210618     
  -2.4887226041976427     
  -2.4975761276311088     
  -2.4953589254706747     
  -2.4848844196633908     
  -2.4687922680226277     
  -2.4492959936879091     
  -2.4281050680361149     
  -2.4185134059302378     
  -2.3992758511605676     
  -2.3804837222804518     
  -2.3623600084331042     
  -2.3449451742143981     
  -2.3281782514774920     
  -2.3119536670411032     
  -2.2961568806164916     
  -2.2806836352517856     
  -2.2654478036781103     
  -2.2503821805172497     
  -2.1768378095819494     
  -2.1044136721609856     
  -2.0315037017864297     
  -1.9572580243341848     
  -1.8818938666736194     
  -1.8062731565604597     
  -1.7314418566637084     
  -1.6583794174068254     
  -1.5200406061041529     
  -1.3967432775261750     
  -1.2910779799488850     
  -1.2043630883749883     
  -1.1372770534643768     
  -1.0901943691178928     
