          1        1.000 -16.600000000000   0.030000000000  -0.568079950000  -0.036569674000  -0.003937062300  -0.081921910000  -0.242523830000  -0.494920760000  -0.681100400000  -0.820165800000  -0.926830530000  -1.012063900000  -1.083404700000  -1.200158600000  -1.295338500000  -1.373813500000  -1.438535100000  -1.474373300000  -1.501841800000  -1.525156400000  -1.544921400000  -1.561622300000  -1.575639600000  -1.612624500000  -1.608047600000  -1.574088900000  -1.522236000000  -1.460776600000  -1.396642700000  -1.333816900000  -1.275508400000  -1.224429200000  -1.182497000000
          1        2.000 -14.250000000000   0.030000000000 -13.689686557277 -10.858202221329  -8.122543721142  -5.732088377382  -3.491509777022  -1.129051092308  -0.698417839079  -0.794766945504  -0.904724122167  -0.995548076148  -1.071080099492  -1.192002256765  -1.288749073688  -1.367963573224  -1.432808099234  -1.469033069467  -1.497916563022  -1.522292625909  -1.542575736210  -1.559477107447  -1.573249871742  -1.610589441174  -1.606608877772  -1.573214242158  -1.521906058112  -1.460702622322  -1.396677723503  -1.333937562958  -1.275700447706  -1.224670965785  -1.182756765195
          1        3.000 -11.200000000000   0.080000000000 -11.023925421094 -10.034083531098  -8.881944984343  -7.669533323618  -6.205514326057  -3.867204815893  -2.131418403069  -1.215076926338  -0.975622773558  -0.995236671585  -1.061004003734  -1.184463518970  -1.282943362238  -1.363079971961  -1.429197128666  -1.466173755752  -1.494995152216  -1.519580334567  -1.540224275682  -1.557327395649  -1.571230225798  -1.608876535562  -1.605395795525  -1.572476535826  -1.521599339087  -1.460625078416  -1.396712067936  -1.334057832018  -1.275891910732  -1.224911884315  -1.183015573017
          1        4.000  -7.100000000000   0.160000000000  -7.575744717562  -7.516793418700  -7.253586149078  -6.823255559289  -6.122528784039  -4.717803355140  -3.347472743888  -2.224270463884  -1.496781636264  -1.173287096754  -1.099856656641  -1.179963568661  -1.277121183093  -1.358283033857  -1.425484613395  -1.463031123639  -1.492124450115  -1.516930087038  -1.537822981921  -1.555164589497  -1.569326234764  -1.607370150720  -1.604325995540  -1.571825556322  -1.521307666778  -1.460544687137  -1.396745687348  -1.334177700880  -1.276082797399  -1.225151974484  -1.183273446073
          1        5.000  -1.800000000000   0.540000000000  -6.056221275773  -6.089986845064  -6.004727318657  -5.809784561051  -5.439260721125  -4.610121627457  -3.692181540916  -2.807123812615  -2.067504455223  -1.553949913518  -1.279577529678  -1.199525331832  -1.273968273321  -1.353712788133  -1.421706269554  -1.459774796123  -1.489209143356  -1.514281846420  -1.535423065374  -1.553020428127  -1.567466308967  -1.605998920321  -1.603349664281  -1.571230720165  -1.521025897412  -1.460461892650  -1.396778541466  -1.334297155903  -1.276273105584  -1.225391240032  -1.183530389860
          1        6.000   0.800000000000   0.800000000000  -5.169773574979  -5.225905876637  -5.200266486631  -5.097195201735  -4.873926623995  -4.337276505864  -3.699794213464  -3.033198951112  -2.410423195360  -1.896887506115  -1.536609392314  -1.266730742301  -1.281333495043  -1.350761881786  -1.418068215142  -1.456480202661  -1.486251234943  -1.511617783476  -1.533026595080  -1.550891923375  -1.565620705326  -1.604715018314  -1.602434292809  -1.570671951880  -1.520750519702  -1.460377005506  -1.396810601289  -1.334416183222  -1.276462833010  -1.225629684590  -1.183786409780
          1        7.000   6.000000000000   0.000000000000   5.984128904066  -1.914701353482  -3.567444355187  -4.164399800387  -4.271843428190  -4.025684320575  -3.594134205134  -3.093148719678  -2.588475612116  -2.132529504904  -1.766765757108  -1.373476284425  -1.306773556346  -1.352349383488  -1.415230139081  -1.453331964101  -1.483296757477  -1.508942035159  -1.530629036688  -1.548769398940  -1.563774792646  -1.603486031670  -1.601558444732  -1.570135969652  -1.520479105877  -1.460290258209  -1.396841852326  -1.334534772646  -1.276651981952  -1.225867318211  -1.184041518469
          1        8.000   5.400000000000   0.000000000000   5.397912524630   2.075253646788  -0.451550486265  -1.383923591640  -2.110982286027  -2.823720102552  -3.021477708546  -2.897809700760  -2.606414217199  -2.260413377800  -1.935495965518  -1.493718722055  -1.350946839171  -1.361407731578  -1.414321108944  -1.450735378285  -1.480478051563  -1.506289030491  -1.528233416645  -1.546646137382  -1.561920606638  -1.602290556940  -1.600708353821  -1.569614231338  -1.520210014636  -1.460201812807  -1.396872284159  -1.334652913611  -1.276840553386  -1.226104149018  -1.184295726385
          1        9.000   1.350000000000   0.000000000000   1.350116347248   0.861643374206   0.004663687914  -0.648860594611  -1.237799300855  -1.970513373725  -2.356325022135  -2.476392962406  -2.408821689860  -2.229094010705  -2.004297769928  -1.600118229737  -1.407949549850  -1.379512327953  -1.416704948577  -1.449359716144  -1.478075904345  -1.503756705554  -1.525865846427  -1.544523854059  -1.560053944446  -1.601114616173  -1.599875460386  -1.569101372384  -1.519942129568  -1.460111723026  -1.396901854681  -1.334770576015  -1.277028523526  -1.226340151205  -1.184549006032
          1       10.000  -6.600000000000   0.310000000000  -0.181906887308  -0.003902587869  -0.099677944610  -0.480677988127  -0.908489302319  -1.524176878827  -1.920089567655  -2.124776256124  -2.175137303554  -2.113880415038  -1.985265446452  -1.671134476197  -1.466434714009  -1.404943731220  -1.422972840422  -1.449777824770  -1.476427768966  -1.501499899655  -1.523584245428  -1.542419025140  -1.558176943649  -1.599947643531  -1.599053063697  -1.568593359744  -1.519674603020  -1.460020142051  -1.396930593881  -1.334887768832  -1.277215916840  -1.226575365366  -1.184801404295
          1       11.000 -14.650000000000   0.320000000000  -0.473486780656  -0.004907382919  -0.149001420257  -0.435175901651  -0.770612756086  -1.284813080144  -1.648652435305  -1.873069817529  -1.976608883476  -1.983925364619  -1.923322372288  -1.703155049092  -1.515650362202  -1.434217886953  -1.433139384068  -1.452490516100  -1.475943793820  -1.499752415345  -1.521496205144  -1.540372066093  -1.556299417101  -1.598783321619  -1.598237570577  -1.568087965989  -1.519406869588  -1.459927055708  -1.396958452937  -1.335004455750  -1.277402701637  -1.226809755449  -1.185052882367
          1       12.000 -19.500000000000   0.330000000000  -1.073659034745  -0.337277762935  -0.201941988201  -0.413430482931  -0.691162007444  -1.134868399075  -1.466407398103  -1.690767845005  -1.818668345616  -1.865533208491  -1.850187446494  -1.708161663920  -1.551085265375  -1.462819269489  -1.445979375951  -1.457413235906  -1.476833633051  -1.498716657182  -1.519726506986  -1.538443271591  -1.554443417204  -1.597617233919  -1.597426058211  -1.567583535334  -1.519138523066  -1.459832543615  -1.396985446653  -1.335120636248  -1.277588889261  -1.227043344034  -1.185303467008
          1       13.000 -19.600000000000   0.360000000000  -2.135867310744  -1.407534954722  -0.916018404101  -0.705428032365  -0.749174038845  -1.050670032014  -1.339282083817  -1.554544645769  -1.693065448130  -1.763347294526  -1.778209734884  -1.696905220011  -1.573223221971  -1.487696562641  -1.459945252211  -1.464091234396  -1.479109229207  -1.498532195672  -1.518398043446  -1.536706577982  -1.552642965864  -1.596446957313  -1.596616701717  -1.567079074960  -1.518869280221  -1.459736637323  -1.397011570078  -1.335236298535  -1.277774476626  -1.227276133986  -1.185553162952
          1       14.000 -14.100000000000   0.430000000000  -2.525184687838  -2.087601780834  -1.698089236305  -1.404469122333  -1.209894298786  -1.160793144573  -1.300705300972  -1.466549026142  -1.596853949154  -1.677652798560  -1.711975584228  -1.676719743377  -1.584557728383  -1.507474209016  -1.473629920843  -1.471842555203  -1.482574059971  -1.499230007450  -1.517598657234  -1.535234791881  -1.550941504240  -1.595271588058  -1.595808229857  -1.566573947780  -1.518598938429  -1.459639360436  -1.397036818921  -1.335351431229  -1.277959460578  -1.227508128063  -1.185801974837
          1       15.000 -13.300000000000   0.490000000000  -2.748438614256  -2.394467042273  -2.091025746656  -1.847973112449  -1.634879149875  -1.424378360304  -1.393855312228  -1.458298991412  -1.544850112045  -1.615180580650  -1.655946819013  -1.652488880976  -1.587846903814  -1.521994745736  -1.486052599310  -1.479970641507  -1.486900251133  -1.500733077667  -1.517361635601  -1.534084663464  -1.549385757552  -1.594091628198  -1.594999743774  -1.566067747420  -1.518327352131  -1.459540730786  -1.397061189349  -1.335466023352  -1.278143837908  -1.227739328919  -1.186049907198
          1       16.000  -6.500000000000   0.560000000000  -2.641132686255  -2.470988413734  -2.287292874578  -2.111488222672  -1.923274291503  -1.671367036439  -1.545299881438  -1.518457021733  -1.544682737871  -1.585173551838  -1.617256449545  -1.628612205803  -1.585699167728  -1.531781734984  -1.496681620160  -1.487900195517  -1.491720265381  -1.502887041142  -1.517663669218  -1.533286974863  -1.548018228144  -1.592908909075  -1.594190607008  -1.565560216217  -1.518054416475  -1.459440761992  -1.397084677852  -1.335580064316  -1.278327605359  -1.227969739102  -1.186296964475
          1       17.000  -2.250000000000   0.900000000000  -2.390970633926  -2.333230455258  -2.250892981187  -2.155430636320  -2.031800379161  -1.827987266134  -1.682777918351  -1.605291477712  -1.581050034553  -1.586159985854  -1.599674232631  -1.609292521277  -1.580703148125  -1.537737666294  -1.505349596341  -1.495228781590  -1.496695954219  -1.505500602208  -1.518436573430  -1.532843914591  -1.546870733230  -1.591726471129  -1.593380382500  -1.565051191689  -1.517780055866  -1.459339464570  -1.397107281140  -1.335693543911  -1.278510759643  -1.228199361059  -1.186543151005
          1       18.000   0.900000000000   1.090000000000  -2.195933258041  -2.188034787106  -2.157347562998  -2.109966302436  -2.035912502536  -1.893374087844  -1.769104152987  -1.680269070345  -1.629077975321  -1.606737355902  -1.600388966974  -1.597175751660  -1.575268196395  -1.540988979262  -1.512165841806  -1.501730332589  -1.501557734322  -1.508380920746  -1.519585096942  -1.532732570676  -1.545960611481  -1.590548360309  -1.592568799695  -1.564540571930  -1.517504215889  -1.459236846752  -1.397128996073  -1.335806452287  -1.278693297441  -1.228428197135  -1.186788471029
          1       19.000   4.000000000000   0.000000000000   3.989667199674  -1.261186848503  -1.840306623054  -1.970390729381  -1.975224867082  -1.901962437063  -1.810347313289  -1.729877664056  -1.670811854072  -1.633336550999  -1.612044716831  -1.592498914467  -1.571176029522  -1.542710216564  -1.517441555760  -1.507341684498  -1.506123418005  -1.511358959102  -1.521003867989  -1.532910802101  -1.545288928628  -1.589379278070  -1.591755746212  -1.564028301358  -1.517226864600  -1.459132921025  -1.397149823684  -1.335918782621  -1.278875218254  -1.228656253138  -1.187032932597
          1       20.000   3.600000000000   0.000000000000   3.598473440690   1.190848738854  -0.417189394967  -0.945970892388  -1.317552194980  -1.647041025964  -1.740726773872  -1.732599315320  -1.694109592409  -1.656038577053  -1.627246631068  -1.593623222222  -1.569286391390  -1.543897264268  -1.521587237204  -1.512126556122  -1.510299876073  -1.514306498596  -1.522594012168  -1.533326752337  -1.544842940087  -1.588224142666  -1.590941256723  -1.563514355934  -1.516947987239  -1.459027703130  -1.397169768292  -1.336030530698  -1.279056523843  -1.228883537488  -1.187276546597
          1       21.000   0.650000000000   0.000000000000   0.650141843201   0.387049979466  -0.114123685891  -0.532574668548  -0.894485368299  -1.323546319652  -1.546983488126  -1.642175101595  -1.665594638954  -1.655910179588  -1.635792428855  -1.597760678501  -1.569659288210  -1.545241955046  -1.525000291510  -1.516209244062  -1.514056269142  -1.517135525461  -1.524274235213  -1.533931548219  -1.544606038333  -1.587088461622  -1.590125465710  -1.562998678699  -1.516667531835  -1.458921170050  -1.397188808251  -1.336141675271  -1.279237197807  -1.229110035909  -1.187519299039
          1       22.000  -6.400000000000   0.270000000000  -0.352488299904  -0.005045076127  -0.128609457152  -0.407662126210  -0.701956943048  -1.111618401725  -1.373123152659  -1.524222592715  -1.598884589573  -1.625857620822  -1.626968602934  -1.600174759277  -1.571348723268  -1.547040058800  -1.528037262448  -1.519776808826  -1.517434576534  -1.519805001098  -1.525979884882  -1.534671770822  -1.544546673179  -1.585976645116  -1.589308695865  -1.562481299114  -1.516385519471  -1.458813353857  -1.397206960331  -1.336252221010  -1.279417250554  -1.229335767377  -1.187761212382
          1       23.000 -12.950000000000   0.310000000000  -0.688860444311  -0.142305805005  -0.147526320641  -0.364052979127  -0.610267416292  -0.981242098627  -1.243978514226  -1.417876608164  -1.523014576963  -1.578720716352  -1.601889302854  -1.596720551333  -1.572615176728  -1.549129506028  -1.530894364439  -1.522976174259  -1.520487612605  -1.522299514430  -1.527669035784  -1.535508515192  -1.544640461792  -1.584894100297  -1.588491356536  -1.561962158602  -1.516101884259  -1.458704210794  -1.397224189086  -1.336362137455  -1.279596655909  -1.229560705783  -1.188002259805
          1       24.000 -17.100000000000   0.320000000000  -1.351683227502  -0.725384564801  -0.406052654727  -0.405278061351  -0.571726080049  -0.895748516919  -1.148282274294  -1.329770527655  -1.451658822719  -1.526929868996  -1.568087468197  -1.586845682073  -1.571880760528  -1.550950805171  -1.533592689003  -1.525919393891  -1.523290797729  -1.524635765343  -1.529319441962  -1.536406168370  -1.544854478588  -1.583843949919  -1.587674022239  -1.561441311612  -1.515816656673  -1.458593772760  -1.397240511890  -1.336471430248  -1.279775424699  -1.229784870401  -1.188242464088
          1       25.000 -19.800000000000   0.380000000000  -2.408490790279  -1.687633999291  -1.161978464177  -0.855067571790  -0.752888679089  -0.881346724592  -1.085817717761  -1.259958454710  -1.388757312633  -1.476381245768  -1.531003936574  -1.571888145139  -1.568446014098  -1.551913132085  -1.535995616074  -1.528626500570  -1.525887629794  -1.526832625542  -1.530922307005  -1.537341420081  -1.545163147842  -1.582829073529  -1.586857343882  -1.560918786299  -1.515529834386  -1.458482042098  -1.397255925882  -1.336580091628  -1.279953553600  -1.230008262935  -1.188481828779
          1       26.000 -15.050000000000   0.450000000000  -2.679645984802  -2.230283203043  -1.828236080709  -1.506417237715  -1.246693265866  -1.058970433998  -1.105413023304  -1.224962297946  -1.340962547963  -1.431426455858  -1.494310058078  -1.553612860810  -1.562337654524  -1.551615161522  -1.537909059111  -1.531050488404  -1.528286584438  -1.528901728531  -1.532474233425  -1.538297964374  -1.545545155113  -1.581851554369  -1.586042050829  -1.560394624642  -1.515241417274  -1.458369020925  -1.397270428206  -1.336688114074  -1.280131039305  -1.230230885007  -1.188720357333
          1       27.000 -13.100000000000   0.530000000000  -2.785017510728  -2.465829607114  -2.165073088460  -1.903343790407  -1.648055939602  -1.345424190589  -1.237529613401  -1.256504562533  -1.326180768182  -1.401170018657  -1.462884446920  -1.533940708435  -1.554011718364  -1.549901766940  -1.539163590925  -1.533111153066  -1.530464819353  -1.530840555828  -1.533970596796  -1.539263321573  -1.545983238960  -1.580912730033  -1.585228928874  -1.559868883737  -1.514951407105  -1.458254711198  -1.397284016020  -1.336795490299  -1.280307878527  -1.230452738158  -1.188958053108
          1       28.000  -7.800000000000   0.640000000000  -2.676363441281  -2.491809088067  -2.295967635159  -2.106389436170  -1.895045774921  -1.589894120362  -1.409963875666  -1.344678273643  -1.353761027824  -1.395878655887  -1.443918860629  -1.515534049628  -1.544282550001  -1.546845188435  -1.539658604599  -1.534728572162  -1.532381337282  -1.532632565938  -1.535401697638  -1.540225850084  -1.546463161247  -1.580013276347  -1.584418798091  -1.559341636878  -1.514659807396  -1.458139114770  -1.397296686488  -1.336902213233  -1.280484068004  -1.230673823850  -1.189194919365
          1       29.000  -1.950000000000   1.120000000000  -2.440616965309  -2.362614236877  -2.260206062294  -2.144735234113  -1.995763190009  -1.745724673383  -1.558673799852  -1.450399279670  -1.410813786826  -1.415907972687  -1.441906868065  -1.501555463356  -1.534381384985  -1.542747711989  -1.539384180477  -1.535847871071  -1.533992211833  -1.534252113897  -1.536752100568  -1.541172795587  -1.546972365343  -1.579153301237  -1.583612491831  -1.558812974264  -1.514366623389  -1.458022233441  -1.397308436792  -1.337008276017  -1.280659604496  -1.230894143469  -1.189430959275
          1       30.000   1.300000000000   1.260000000000  -2.239111928404  -2.214406042628  -2.165799401452  -2.099979818652  -2.002566503799  -1.818474996397  -1.657642560096  -1.541656789666  -1.475891995780  -1.452009007229  -1.455281545560  -1.494257683754  -1.525746015669  -1.538134360435  -1.538437002300  -1.536457854750  -1.535264624349  -1.535671526486  -1.538002433477  -1.542089654132  -1.547498799690  -1.578332430910  -1.582810837730  -1.558283003267  -1.514071862126  -1.457904069004  -1.397319264130  -1.337113671989  -1.280834484795  -1.231113698330  -1.189666175914
          1       31.000   4.300000000000   0.000000000000   4.286541811531  -1.301144051329  -1.849366367481  -1.960267916571  -1.945356061662  -1.835706211207  -1.711697599699  -1.606610604353  -1.533232476536  -1.492552793252  -1.478110271691  -1.493982014761  -1.519546306781  -1.533651869780  -1.537019546241  -1.536605077554  -1.536190402481  -1.536869812434  -1.539133305592  -1.542960980205  -1.548030242504  -1.577549716204  -1.582014614017  -1.557751852803  -1.513775539404  -1.457784628892  -1.397329169782  -1.337218397648  -1.281008708616  -1.231332493004  -1.189900575836
          1       32.000   4.150000000000   0.000000000000   4.148340506276   1.559824819647  -0.329073811468  -0.889226622893  -1.268363178107  -1.586461853422  -1.656894579703  -1.626007196793  -1.572213927918  -1.528722640190  -1.503910483217  -1.499353224284  -1.516293652098  -1.529876761845  -1.535397432195  -1.536393046897  -1.536795972405  -1.537842193246  -1.540131276206  -1.543772991607  -1.548554690881  -1.576803300826  -1.581224438933  -1.557219679576  -1.513477697580  -1.457663941000  -1.397338169975  -1.337322460735  -1.281182286389  -1.231550544134  -1.190134178470
          1       33.000   0.050000000000   0.000000000000   0.117367735058   0.205732389800  -0.066706330505  -0.479395683610  -0.839812183892  -1.260383400190  -1.468806173239  -1.547593361996  -1.558009458225  -1.541952383726  -1.523226376386  -1.508042959591  -1.516033636903  -1.527278679862  -1.533849531153  -1.535946620305  -1.537118661536  -1.538585047163  -1.540979876719  -1.544508972709  -1.549059016531  -1.576093483232  -1.580441351749  -1.556686591944  -1.513178275296  -1.457541945823  -1.397346217206  -1.337425822259  -1.281355183011  -1.231767816128  -1.190366947307
          1       34.000  -7.600000000000   0.220000000000  -0.812827215765  -0.233768455816  -0.099871176159  -0.370384116547  -0.657348618433  -1.053673355257  -1.301290013787  -1.439121496659  -1.503134436764  -1.524102004433  -1.525116458000  -1.515530352965  -1.517755287570  -1.525942561896  -1.532601597348  -1.535425556983  -1.537245294096  -1.539133239186  -1.541685641836  -1.545162925328  -1.549532726474  -1.575416961907  -1.579665700749  -1.556152795265  -1.512877356520  -1.457418702154  -1.397353350071  -1.337528506722  -1.281527424920  -1.231984343710  -1.190598921082
          1       35.000 -14.900000000000   0.240000000000  -1.605656489979  -0.819020952157  -0.407363375476  -0.398287261731  -0.586334693622  -0.930914367549  -1.179186324762  -1.341100146063  -1.436944722950  -1.487184055904  -1.509601117310  -1.517477308578  -1.519771262406  -1.525659568111  -1.531792523937  -1.534962785693  -1.537255551466  -1.539519146799  -1.542252936290  -1.545726976962  -1.549964479639  -1.574773261829  -1.578898465710  -1.555618442720  -1.512574888400  -1.457294152384  -1.397359521736  -1.337630475472  -1.281698977371  -1.232200091970  -1.190830064147
          1       36.000 -17.600000000000   0.300000000000  -3.042538515973  -2.133614220797  -1.452240714913  -1.026643567582  -0.838703433579  -0.912905010431  -1.103117289042  -1.263193260763  -1.374440369129  -1.444194612742  -1.484156483585  -1.512954234965  -1.520359203203  -1.525780690410  -1.531370515984  -1.534635115905  -1.537231434931  -1.539795604168  -1.542705647091  -1.546205830827  -1.550348639397  -1.574159250236  -1.578139973117  -1.555083745510  -1.512270933214  -1.457168333124  -1.397364754327  -1.337731741159  -1.281869855025  -1.232415081919  -1.191060400507
