   1.0000000000000000     
  -17.600000000000001     
  -17.599920616880318     
  -17.599841233768664     
  -17.599761850673058     
  -17.599682467601525     
  -17.599603084562087     
  -17.599563393057412     
  -17.599523701563772     
  -17.599484010082168     
  -17.599444318613607     
  -17.599404627159085     
  -17.599364935719606     
  -17.599325244296175     
  -10.984090847420477     
  -4.3967188699359632     
  -4.2119559158647455     
  -4.0286111216365352     
  -3.8504144542570904     
  -3.6775286711254904     
  -3.5101169639763463     
  -3.3483425708809031     
  -3.1923682691149420     
  -3.0423557205849256     
  -2.8984646374355014     
  -2.7608517318980690     
  -2.6296694120360917     
  -2.5050641847140285     
  -2.3871747300651380     
  -2.2761296194245069     
  -2.1720446627501575     
  -2.0750198935237458     
  -1.9851362300764759     
  -1.9024518922564222     
  -1.8269986996452885     
  -1.7587784280834806     
  -1.6171924332431744     
  -1.4958154060102893     
  -1.3952457216160490     
  -1.3145113619973248     
  -1.2521923104791333     
  -1.2064897010296960     
  -1.1753446067006501     
  -1.1565819022089392     
  -1.1480496530469471     
  -1.1477308245592404     
  -1.1538164904899195     
  -1.1647413698834521     
  -1.1791895461229638     
  -1.1960803671958193     
  -1.2145434891943805     
  -1.2338896872760028     
  -1.2535816625448097     
  -1.2732071721320772     
  -1.2924555109835927     
  -1.3110975836310683     
  -1.3289693764749877     
  -1.3459584449333675     
  -1.3619929689220405     
  -1.3770329411830722     
  -1.3910630974858340     
  -1.4040872538852471     
  -1.4161237725986628     
  -1.4272019292993470     
  -1.4373589987320252     
  -1.4466379122948450     
  -1.4550853711857417     
  -1.4856182405983551     
  -1.5031202945406363     
  -1.5129047188059070     
  -1.5186365933446377     
  -1.5225060377851427     
  -1.5256289024028109     
  -1.5284657848510270     
  -1.5311528870337252     
  -1.5337133125653897     
  -1.5344410054093849     
  -1.5358466526970895     
  -1.5372208577901187     
  -1.5385955134717086     
  -1.5400061559866356     
  -1.5414872579730761     
  -1.5430682605935826     
  -1.5447707911248481     
  -1.5466071429288528     
  -1.5485798737597334     
  -1.5506822695060611     
  -1.5629147210451479     
  -1.5735725479472737     
  -1.5789291808432941     
  -1.5773906749288287     
  -1.5689858445755649     
  -1.5545489038154370     
  -1.5351758672202231     
  -1.5119655160331258     
  -1.4570412476761121     
  -1.3973690453497480     
  -1.3378322982992024     
  -1.2820400549005020     
  -1.2326293144103508     
  -1.1912899326197086     
