          1        1.000 -15.250000000000   0.020000000000  -3.262678900000  -2.125170000000  -1.378619400000  -1.013141300000  -0.963575100000  -1.092212300000  -1.336252900000  -1.602342500000  -1.846869200000  -2.055080400000  -2.224019500000  -2.453983500000  -2.576120000000  -2.632277700000  -2.653703500000  -2.658409600000  -2.655856600000  -2.647498000000  -2.634158400000  -2.615916700000  -2.592980100000  -2.423021300000  -2.207101300000  -1.981539700000  -1.767374200000  -1.574928900000  -1.410361300000  -1.275060300000  -1.168627000000  -1.090286300000  -1.039540800000
          1        2.000 -12.800000000000   0.020000000000 -12.305763580259  -9.748227540375  -7.237981501353  -5.065056466505  -3.365912127594  -2.239432138273  -1.771108443594  -1.712923433778  -1.825087835447  -1.981706528862  -2.133653000826  -2.372440903878  -2.519822549441  -2.599539992126  -2.637125865464  -2.649012658797  -2.650479072299  -2.643392176698  -2.630358653494  -2.612167021975  -2.588867193851  -2.420717995954  -2.206620435518  -1.982104549412  -1.768140193077  -1.575687442570  -1.411147818527  -1.275828451526  -1.169367377181  -1.091007480937  -1.040255572247
          1        3.000  -9.250000000000   0.060000000000  -9.151735205231  -8.433475268366  -7.368631045829  -6.154617440627  -4.938272820401  -3.820799237471  -2.976572043102  -2.443896657745  -2.186538210818  -2.119136937322  -2.153962060328  -2.323849745882  -2.471683183507  -2.565975923352  -2.617446831739  -2.636803982980  -2.643516818934  -2.638749279280  -2.626543810693  -2.608560219904  -2.585411868105  -2.418776148968  -2.206206819832  -1.982573377507  -1.768862928378  -1.576446272208  -1.411933172376  -1.276596394363  -1.170108028324  -1.091729052121  -1.040970738842
          1        4.000  -5.350000000000   0.130000000000  -6.374535443593  -6.399698219934  -6.135007553543  -5.658391487180  -5.045307476404  -4.350741287626  -3.692655296942  -3.142256717845  -2.738695638208  -2.486207476925  -2.360579778718  -2.351133653274  -2.446394442496  -2.536398838813  -2.596174758495  -2.622092272869  -2.634566247424  -2.632968436177  -2.622226289436  -2.604884748015  -2.582200369982  -2.417067389679  -2.205830426528  -1.982973927595  -1.769552901447  -1.577204365193  -1.412717408420  -1.277364116777  -1.170848943829  -1.092451010579  -1.041686299510
          1        5.000  -0.100000000000   0.330000000000  -4.823801678593  -5.041851071553  -5.071734156146  -4.936281840910  -4.670655169263  -4.297426267433  -3.879643630171  -3.470361244492  -3.111056846411  -2.827761514841  -2.629567877372  -2.459626007236  -2.464075221397  -2.522486141295  -2.578197942567  -2.606981409033  -2.624168328570  -2.626037053361  -2.617290553373  -2.601023503268  -2.579053581445  -2.415507052800  -2.205472701247  -1.983325522137  -1.770217655416  -1.577960983611  -1.413500548441  -1.278131608223  -1.171590114225  -1.093173353238  -1.042402253837
          1        6.000   2.350000000000   0.000000000000   1.538532809739  -1.505930374173  -3.017435795955  -3.747719920010  -4.008627333799  -3.982712862688  -3.795598583257  -3.542707611790  -3.278999541951  -3.038227888631  -2.840074668858  -2.595998636111  -2.519562135956  -2.531210113805  -2.569175546161  -2.594793629386  -2.613634778705  -2.618312514133  -2.611740302551  -2.596872254411  -2.575844229183  -2.414038225603  -2.205122236601  -1.983641619558  -1.770862667326  -1.578715601032  -1.414282599433  -1.278898859384  -1.172331529593  -1.093896075984  -1.043118600293
          1        7.000   7.050000000000   0.000000000000   7.047444377094   3.125226041495   0.082501061079  -1.477428186688  -2.436225062581  -3.008951331792  -3.253997373630  -3.295458359152  -3.220567303952  -3.091209952910  -2.949183865065  -2.712729967781  -2.590795186683  -2.559008038549  -2.571627538723  -2.588450534306  -2.604752472501  -2.610552667443  -2.605781592962  -2.592410501097  -2.572483530231  -2.412622137285  -2.204772069491  -1.983931362367  -1.771491816457  -1.579467828473  -1.415063550857  -1.279665859934  -1.173073181380  -1.094619176519  -1.043835339175
          1        8.000   6.350000000000   0.000000000000   6.348935041797   4.182037278129   2.054895562528   0.119003680502  -1.158686827705  -2.009806775217  -2.523087436143  -2.807150331723  -2.932882610932  -2.955284141690  -2.917416762091  -2.772406183053  -2.653072497063  -2.595368255561  -2.583685244510  -2.588885841941  -2.598995519184  -2.603709002737  -2.599828670498  -2.587738894817  -2.568933982606  -2.411231032504  -2.204417893733  -1.984201068522  -1.772107935947  -1.580217380762  -1.415843383783  -1.280432599391  -1.173815061078  -1.095342652425  -1.044552470644
          1        9.000   2.550000000000   0.000000000000   2.550278471921   2.318137667142   1.574360008186   0.570562638370  -0.437730843243  -1.300399970907  -1.916206075503  -2.324105653987  -2.577867779669  -2.718253222155  -2.778987485487  -2.760212721290  -2.685475507481  -2.627014716022  -2.600092826424  -2.594659181855  -2.596848751565  -2.598540337704  -2.594376506646  -2.583064909979  -2.565224260574  -2.409844610781  -2.204057061389  -1.984455129837  -1.772713143683  -1.580964063995  -1.416622079337  -1.281199068344  -1.174557159161  -1.096066499328  -1.045269992768
          1       10.000  -4.950000000000   0.190000000000  -0.601540984098  -0.033806033492  -0.000934946760  -0.044212022534  -0.461843280928  -1.022059611714  -1.541568976996  -1.955654445680  -2.260091898059  -2.468169725617  -2.598310664418  -2.694001102623  -2.682129860925  -2.643888659816  -2.614481639576  -2.602612976438  -2.597624369199  -2.595303247648  -2.589809145468  -2.578630354771  -2.561443188887  -2.408448482107  -2.203687969102  -1.984696588413  -1.773309042152  -1.581707765541  -1.417399624285  -1.281965259348  -1.175299464791  -1.096790710082  -1.045987900586
          1       11.000 -13.050000000000   0.190000000000  -3.287466225899  -1.665508045527  -0.689833149666  -0.422890681429  -0.650623089546  -1.018958687560  -1.403710880671  -1.752334197015  -2.040611781021  -2.263857866622  -2.426135359911  -2.600678540712  -2.649367294247  -2.642404078363  -2.621946048652  -2.609226885748  -2.599832871660  -2.593726422092  -2.586296487089  -2.574641680665  -2.557714758613  -2.407032627452  -2.203309323680  -1.984927240360  -1.773896611130  -1.582448336624  -1.418175973969  -1.282731157458  -1.176041972369  -1.097515286619  -1.046706198741
          1       12.000 -18.300000000000   0.200000000000  -6.634941054720  -4.616379251573  -3.136968796164  -2.141315385168  -1.547932188324  -1.356257639113  -1.467878085442  -1.687077807276  -1.918098606086  -2.123049741839  -2.289355756929  -2.504630286088  -2.599654561545  -2.625161038971  -2.620570074109  -2.611881133697  -2.601687451974  -2.593058767937  -2.583703730054  -2.571190471102  -2.554163223067  -2.405591601725  -2.202920243635  -1.985148427341  -1.774476688101  -1.583185702334  -1.418951099626  -1.283496751381  -1.176784673095  -1.098240225232  -1.047424885889
          1       13.000 -18.350000000000   0.220000000000  -6.410616225524  -5.260325999205  -4.235530758486  -3.359500700920  -2.645990969246  -2.136780380695  -1.897123477722  -1.862761563059  -1.945193887587  -2.073892985679  -2.207184955050  -2.422090937728  -2.544750540782  -2.597643197641  -2.611113181664  -2.609534205727  -2.601796270126  -2.592404944578  -2.581667949932  -2.568227542372  -2.550869720852  -2.404124342261  -2.202520085395  -1.985361062383  -1.775049921142  -1.583919826351  -1.419724978435  -1.284262031055  -1.177527557352  -1.098965520375  -1.048143958642
          1       14.000 -12.700000000000   0.280000000000  -6.192504818689  -5.471273388901  -4.721276017473  -4.004292120303  -3.356630233535  -2.809219717047  -2.432847153152  -2.221541340477  -2.143353175347  -2.154190885138  -2.213011408436  -2.371975921120  -2.495936407359  -2.566035217821  -2.595803471547  -2.602452047151  -2.599426152477  -2.591008190492  -2.579743259803  -2.565597494900  -2.547853183077  -2.402633076646  -2.202108283875  -1.985565694405  -1.775616760139  -1.584650672325  -1.420497581699  -1.285026984586  -1.178270616570  -1.099691168256  -1.048863415438
          1       15.000 -11.400000000000   0.330000000000  -5.670947712306  -5.232596866182  -4.740213230133  -4.227410014133  -3.722567568443  -3.246981731460  -2.862349411934  -2.583968456058  -2.409927102756  -2.324166634287  -2.303058458806  -2.368930582376  -2.465082971095  -2.537386408087  -2.577875956645  -2.591885161179  -2.594511154150  -2.588397241908  -2.577522566509  -2.563090785806  -2.545070006603  -2.401122265371  -2.201684396235  -1.985762659300  -1.776177539296  -1.585378215159  -1.421268881121  -1.285791599733  -1.179013842207  -1.100417165013  -1.049583254596
          1       16.000  -4.700000000000   0.380000000000  -4.861878750187  -4.745085585985  -4.502855849709  -4.187460240172  -3.835758335965  -3.468234181312  -3.135826107361  -2.860902016776  -2.654201477706  -2.515727120259  -2.437071458624  -2.409380251843  -2.458998591098  -2.518222027978  -2.561169993664  -2.579843567338  -2.587594807411  -2.584448070118  -2.574726151631  -2.560501053370  -2.542431322103  -2.399597222911  -2.201248114895  -1.985952147477  -1.776732507057  -1.586102437841  -1.422038849019  -1.286555863945  -1.179757225738  -1.101143506722  -1.050303474325
          1       17.000  -0.450000000000   0.570000000000  -4.080163175402  -4.128568480530  -4.072937869932  -3.937225264157  -3.744194641555  -3.506142674417  -3.259630022855  -3.029799309453  -2.834000521987  -2.681441407619  -2.573900584831  -2.476578351155  -2.476312452731  -2.512063265805  -2.549062422104  -2.568634661577  -2.579696130499  -2.579387015655  -2.571252513609  -2.557672706332  -2.539829225251  -2.398062805236  -2.200799278513  -1.986134250956  -1.777281847911  -1.586823329108  -1.422807458464  -1.287319764388  -1.180500758646  -1.101870189388  -1.051024072722
          1       18.000   2.450000000000   0.000000000000   2.446440469734  -1.594238354936  -2.933192732260  -3.396017452251  -3.485153545571  -3.408691729696  -3.262826011117  -3.097572788356  -2.937956751161  -2.798418668200  -2.686556543559  -2.551389028788  -2.509757550578  -2.518553691099  -2.543415209396  -2.560175392127  -2.572021595899  -2.573717813548  -2.567192279398  -2.554535448879  -2.537165448258  -2.396522453771  -2.200337949432  -1.986309043797  -1.777825732842  -1.587540903146  -1.423574692385  -1.288083290484  -1.181244431565  -1.102597206825  -1.051745045378
          1       19.000   5.050000000000   0.000000000000   5.048158179084   2.068515049898  -0.271771045520  -1.469674642890  -2.249368440424  -2.717215324931  -2.918395899634  -2.960727709453  -2.918196052164  -2.839516667796  -2.754354989233  -2.617586662965  -2.550137552559  -2.534665612176  -2.544470370895  -2.555612690603  -2.565659818635  -2.568070444794  -2.562781617509  -2.551107394293  -2.534371546403  -2.394977602887  -2.199864072979  -1.986476417198  -1.778364192498  -1.588255112654  -1.424340507646  -1.288846424039  -1.181988237717  -1.103324559201  -1.052466394989
          1       20.000   4.550000000000   0.000000000000   4.549145151029   2.821373018012   1.129226837447  -0.341076828650  -1.279667047118  -1.954112121683  -2.368971640795  -2.603608809253  -2.714634433110  -2.746324131025  -2.732593338718  -2.652827398900  -2.586014949846  -2.555243891756  -2.550823070578  -2.555041206454  -2.561299054411  -2.563043353333  -2.558349036121  -2.547495004925  -2.531427196720  -2.393427910364  -2.199377926275  -1.986636379051  -1.778897334515  -1.588965976352  -1.425104888759  -1.289609154001  -1.182732167659  -1.104052240174  -1.053188116921
          1       21.000   1.900000000000   0.000000000000   1.881769930275   1.558786321749   0.878173934113   0.034212471967  -0.741706435757  -1.425029315290  -1.910217688667  -2.239017492825  -2.448698430114  -2.570198402535  -2.629809380450  -2.639974550668  -2.603552267942  -2.572976496143  -2.559630837015  -2.557565799081  -2.559109261608  -2.559051935226  -2.554214316678  -2.543851954080  -2.528359323184  -2.391871666388  -2.198879754089  -1.986788877664  -1.779425210197  -1.589673492672  -1.425867812228  -1.290371466765  -1.183476212828  -1.104780245495  -1.053910208852
          1       22.000  -4.750000000000   0.090000000000  -4.137658190756  -1.615081227727  -0.276934937014  -0.246983175099  -0.676964522134  -1.170355679097  -1.606419275106  -1.950008771350  -2.203249541175  -2.378742297099  -2.492018468168  -2.587836817616  -2.596957433753  -2.581170398978  -2.567068217910  -2.561319246883  -2.558636655527  -2.556208727797  -2.550599920123  -2.540334239935  -2.525231691914  -2.390306868955  -2.198370038713  -1.986934007391  -1.779947957886  -1.590377727087  -1.426629285194  -1.291133357426  -1.184220362690  -1.105508564584  -1.054632661113
          1       23.000 -11.300000000000   0.120000000000  -4.662413662315  -3.500078980550  -2.594668790067  -1.931438747396  -1.519535659949  -1.422796252004  -1.577629322245  -1.810663984171  -2.034483855302  -2.218412107551  -2.356643250433  -2.513794036534  -2.568709445030  -2.576430698835  -2.569664728537  -2.564016357691  -2.558965958350  -2.554355878345  -2.547617107698  -2.537076102475  -2.522126051872  -2.388731273901  -2.197848550532  -1.987071413799  -1.780465393005  -1.591078545911  -1.427389226606  -1.291894794802  -1.184964612701  -1.106237205686  -1.055355485725
          1       24.000 -15.900000000000   0.130000000000  -6.854718259196  -5.269416914166  -4.045406315543  -3.129770823883  -2.467740100271  -2.055211625365  -1.902992000160  -1.919314945481  -2.019265681122  -2.144829189485  -2.264160873003  -2.439657734604  -2.528050025071  -2.560354049069  -2.565980335143  -2.563844756110  -2.558893408995  -2.552980136962  -2.545159666001  -2.534127398571  -2.519121018341  -2.387144296671  -2.197315720378  -1.987201195341  -1.780977631898  -1.591776014730  -1.428147644728  -1.292655773562  -1.185708952099  -1.106966158007  -1.056078672776
          1       25.000 -18.550000000000   0.160000000000  -8.853614823310  -7.102880771666  -5.657459418376  -4.493660037373  -3.573586143852  -2.882167924077  -2.458175429071  -2.245256524350  -2.177496513026  -2.194584712084  -2.251580764480  -2.389357635438  -2.487150175925  -2.537493966652  -2.556540454927  -2.560038302274  -2.557462449695  -2.551483360497  -2.542986552389  -2.531452693480  -2.516265943317  -2.385546619806  -2.196771712897  -1.987323306935  -1.781484679547  -1.592470132403  -1.428904519165  -1.293416279779  -1.186453372214  -1.107695417044  -1.056802219553
          1       26.000 -13.650000000000   0.220000000000  -7.997091064386  -7.272260334134  -6.377601261111  -5.440502709658  -4.550363823474  -3.757722121887  -3.155802229164  -2.745415866677  -2.499957595962  -2.378567875248  -2.338966059100  -2.383321084475  -2.459493258016  -2.514649984066  -2.543653814203  -2.553002588558  -2.554203452870  -2.549352183310  -2.540794027213  -2.528943606063  -2.513568555466  -2.383940268603  -2.196216676590  -1.987437709648  -1.781986535082  -1.593160897366  -1.429659830183  -1.294176299503  -1.187197864343  -1.108424978229  -1.057526123249
          1       27.000 -11.200000000000   0.290000000000  -7.139197332748  -6.661835321102  -6.099302188761  -5.488624034369  -4.860245138719  -4.232542765508  -3.678655553832  -3.226775908167  -2.888593735526  -2.659276756409  -2.521490023389  -2.435101923545  -2.457453498412  -2.499564593831  -2.530940273787  -2.544235966015  -2.549269102325  -2.546313211865  -2.538313079607  -2.526456235272  -2.510994837618  -2.382328112288  -2.195650767164  -1.987544370715  -1.782483193138  -1.593848307536  -1.430413558662  -1.294935818776  -1.187942419749  -1.109154836932  -1.058250380967
          1       28.000  -5.950000000000   0.380000000000  -6.049751208326  -5.929422599560  -5.664007359531  -5.300149303404  -4.874596544083  -4.406194358441  -3.952884404550  -3.544881018320  -3.201988701015  -2.933444918639  -2.738705708217  -2.536973197445  -2.487702664777  -2.499232591894  -2.522644921196  -2.536058257400  -2.543436445897  -2.542426058656  -2.535395171784  -2.523858328729  -2.508481901759  -2.380713134343  -2.195074169737  -1.987643263493  -1.782974644933  -1.594532360255  -1.431165686053  -1.295694823643  -1.188687029667  -1.109884988458  -1.058974989718
          1       29.000  -0.200000000000   0.620000000000  -5.123593242429  -5.181700008006  -5.110523432158  -4.938357727708  -4.690444682739  -4.378305884349  -4.042425969503  -3.711286862019  -3.407109828007  -3.145084985042  -2.933196572795  -2.660929280841  -2.545253072438  -2.516669497648  -2.522365260372  -2.531064873246  -2.537967245490  -2.538101965285  -2.532069532111  -2.521074349089  -2.505959790262  -2.379097707617  -2.194487112772  -1.987734367584  -1.783460879126  -1.595213052256  -1.431916194331  -1.296453300173  -1.189431685296  -1.110615428049  -1.059699946425
          1       30.000   2.850000000000   0.000000000000   2.845148785854  -2.164605779449  -3.736784355880  -4.253165356738  -4.330001056847  -4.209500651499  -3.999924922345  -3.757284793295  -3.511442275881  -3.281440811311  -3.079498481858  -2.780843998358  -2.617534537053  -2.549408594276  -2.531522981013  -2.531213954736  -2.534251117832  -2.534016972597  -2.528556013984  -2.518118460205  -2.503376974667  -2.377483099484  -2.193889931426  -1.987817717995  -1.783941915286  -1.595890400704  -1.432665076286  -1.297211237937  -1.190176377633  -1.111346149144  -1.060425245785
          1       31.000   5.350000000000   0.000000000000   5.348023499165   2.095852112639  -0.440878531382  -1.809393969300  -2.720803648982  -3.270243191552  -3.501396753543  -3.532578949197  -3.449512631117  -3.311637887476  -3.157560247133  -2.878289165055  -2.691446984978  -2.591776981623  -2.549301458574  -2.537332183434  -2.533433931539  -2.530946451881  -2.525221554593  -2.515100561291  -2.500719783339  -2.375869415962  -2.193282807828  -1.987893210397  -1.784417673434  -1.596564359011  -1.433412294247  -1.297968616209  -1.190921098224  -1.112077150370  -1.061150888838
          1       32.000   5.100000000000   0.000000000000   5.098966048577   3.079772709164   1.144074016198  -0.479986295852  -1.530556184175  -2.297809138252  -2.773611232035  -3.037690723805  -3.150156624780  -3.160493694747  -3.108666798857  -2.924664515036  -2.751853625957  -2.636046099782  -2.572883199592  -2.548812840726  -2.536020132072  -2.529523207553  -2.522486034599  -2.512210824684  -2.498027076576  -2.374255923668  -2.192666129359  -1.987960894435  -1.784888170913  -1.597234943099  -1.434157841746  -1.298725424563  -1.191665837950  -1.112808425010  -1.061876870091
          1       33.000   1.300000000000   0.000000000000   1.342350426355   1.260997361971   0.697201342192  -0.103081494490  -0.931397216353  -1.667513638565  -2.201136040718  -2.565664200084  -2.793157658025  -2.914461207613  -2.958128718214  -2.902055181270  -2.781090582806  -2.671949373965  -2.597735179329  -2.563810792255  -2.541805589000  -2.530084221428  -2.520709120693  -2.509670002810  -2.495384932950  -2.372641834029  -2.192040216513  -1.988020778857  -1.785353391943  -1.597902147285  -1.434901702451  -1.299481649240  -1.192410587895  -1.113539968054  -1.062603186120
          1       34.000  -5.950000000000   0.130000000000  -1.891610302264  -1.069211466481  -0.443472913124  -0.472491995881  -0.890439180534  -1.398361417734  -1.855022734590  -2.218911901576  -2.486293525792  -2.666456784758  -2.773859737790  -2.829296314195  -2.774817856302  -2.691227418673  -2.618413826731  -2.579338627354  -2.549779055803  -2.532531121261  -2.520075211778  -2.507664167559  -2.492904719903  -2.371027208871  -2.191405529073  -1.988073018485  -1.785813415197  -1.598566025774  -1.435643890971  -1.300237287419  -1.193155339251  -1.114271769830  -1.063329827583
          1       35.000 -13.300000000000   0.150000000000  -4.479560866475  -3.023821209871  -2.091533949812  -1.589651602156  -1.412175185444  -1.512771667507  -1.764614168580  -2.038548886659  -2.279504784680  -2.468695175950  -2.603784478849  -2.733401040278  -2.740085099865  -2.691105532605  -2.630547167760  -2.592102291583  -2.558372636482  -2.536405128113  -2.520607877958  -2.506339158551  -2.490715215982  -2.369413805107  -2.190762047873  -1.988117360466  -1.786268036198  -1.599226451100  -1.436384330682  -1.300992303949  -1.193900082940  -1.115003834498  -1.064056802631
          1       36.000 -16.400000000000   0.180000000000  -6.977007097529  -5.312322004148  -4.025600390646  -3.085516948308  -2.441292265216  -2.087000546860  -2.006103745006  -2.079329319514  -2.214526999291  -2.357332147596  -2.481048251217  -2.639628514645  -2.690520117595  -2.675446168300  -2.633036570112  -2.599894691572  -2.565839150787  -2.540819419489  -2.522019037322  -2.505690213116  -2.488907266347  -2.367805639979  -2.190110232765  -1.988153974742  -1.786717334019  -1.599883476388  -1.437123036504  -1.301746695902  -1.194644809948  -1.115736152172  -1.064784101696
