   1.0000000000000000     
  -16.399999999999999     
  -16.399906972344489     
  -16.399813944704270     
  -16.399720917094644     
  -16.399627889530901     
  -16.399534862028336     
  -16.399488348305731     
  -16.399441834604154     
  -16.399395320925525     
  -16.399348807271750     
  -16.399302293644741     
  -16.399255780046406     
  -16.399209266478657     
  -16.399162752943408     
  -8.6469126134239360     
  -8.3293693596275684     
  -8.0139430281546851     
  -7.7057883009397790     
  -7.4051833365990563     
  -7.1123837457725418     
  -6.8276217525918703     
  -6.5511055016929554     
  -6.2830185127667768     
  -6.0235192827136954     
  -5.7727410336406901     
  -5.5307916032688276     
  -5.2977534728470523     
  -5.0736839264382914     
  -4.8586153344870224     
  -4.6525555539167467     
  -4.4554884366531322     
  -4.2673744384247199     
  -4.0881513199452284     
  -3.9177349331037572     
  -3.7560200855402566     
  -3.5934507000299938     
  -3.4417263529355235     
  -3.3014935119239626     
  -3.1725943392050469     
  -3.0548170648208588     
  -2.9478959981162389     
  -2.8515125988131644     
  -2.7652977281952666     
  -2.6888351379632667     
  -2.6216661756306792     
  -2.5632955991137387     
  -2.5131983100193680     
  -2.4708267460818627     
  -2.4356186274898617     
  -2.4070047350425270     
  -2.3844164110338539     
  -2.3672925127550695     
  -2.3550856063489460     
  -2.3472672565653561     
  -2.3433323369812906     
  -2.3428023482215092     
  -2.3452277837422106     
  -2.3501896214069133     
  -2.3573000441438321     
  -2.3662025057500040     
  -2.3765712606340941     
  -2.3881104715400685     
  -2.4005529995558623     
  -2.4136589681328831     
  -2.4272141791168704     
  -2.4410284451437603     
  -2.5114409539489215     
  -2.5707591856782566     
  -2.6137388330527251     
  -2.6398652923702546     
  -2.6511228937228029     
  -2.6505908312612778     
  -2.6415902844617234     
  -2.6271975885268861     
  -2.6100026383543291     
  -2.6020441926797271     
  -2.5860433217870615     
  -2.5709298576342512     
  -2.5571725321117720     
  -2.5448651120072245     
  -2.5338588280394387     
  -2.5238705536310930     
  -2.5145629633194391     
  -2.5055983490456040     
  -2.4966706513400490     
  -2.4875213037179678     
  -2.4353577316020498     
  -2.3662089201117911     
  -2.2828300913937825     
  -2.1894504258190008     
  -2.0900927094405777     
  -1.9881828994358905     
  -1.8864863731708457     
  -1.7871612941724679     
  -1.6005370940384951     
  -1.4378599932871385     
  -1.3025004497832899     
  -1.1953895112611279     
  -1.1164687175975225     
  -1.0655117210257510     
